ward,precinct,total,Yes,Yes Percent,No,No Percent,precinct_id
46,8,419,287,68.5,132,31.5,46008
46,12,548,259,47.26,289,52.74,46012
46,20,309,203,65.7,106,34.3,46020
46,22,377,319,84.62,58,15.38,46022
46,23,251,225,89.64,26,10.36,46023
46,26,478,283,59.21,195,40.79,46026
46,32,323,203,62.85,120,37.15,46032
46,38,333,230,69.07,103,30.93,46038
46,41,356,230,64.61,126,35.39,46041
46,42,473,297,62.79,176,37.21,46042
46,47,243,168,69.14,75,30.86,46047
