ward,precinct,total,Robin Kelly,Robin Kelly Percent,Theresa J. Raborn,Theresa J. Raborn Percent,precinct_id
5,1,528,501,94.89,27,5.11,05001
5,6,456,432,94.74,24,5.26,05006
5,10,208,206,99.04,2,0.96,05010
5,11,346,335,96.82,11,3.18,05011
5,14,448,439,97.99,9,2.01,05014
5,18,206,197,95.63,9,4.37,05018
5,23,1042,968,92.9,74,7.1,05023
5,25,377,365,96.82,12,3.18,05025
5,26,557,527,94.61,30,5.39,05026
5,28,581,550,94.66,31,5.34,05028
5,29,592,567,95.78,25,4.22,05029
5,31,437,422,96.57,15,3.43,05031
5,32,629,602,95.71,27,4.29,05032
5,35,110,105,95.45,5,4.55,05035
5,36,363,347,95.59,16,4.41,05036
5,37,631,596,94.45,35,5.55,05037
5,38,529,515,97.35,14,2.65,05038
5,40,433,411,94.92,22,5.08,05040
5,41,279,268,96.06,11,3.94,05041
7,1,276,262,94.93,14,5.07,07001
7,2,459,440,95.86,19,4.14,07002
7,3,437,424,97.03,13,2.97,07003
7,4,433,415,95.84,18,4.16,07004
7,5,404,377,93.32,27,6.68,07005
7,6,572,555,97.03,17,2.97,07006
7,7,433,403,93.07,30,6.93,07007
7,8,361,332,91.97,29,8.03,07008
7,9,742,710,95.69,32,4.31,07009
7,10,506,494,97.63,12,2.37,07010
7,11,508,494,97.24,14,2.76,07011
7,12,437,418,95.65,19,4.35,07012
7,13,283,274,96.82,9,3.18,07013
7,14,504,477,94.64,27,5.36,07014
7,15,431,419,97.22,12,2.78,07015
7,16,434,408,94.01,26,5.99,07016
7,17,354,336,94.92,18,5.08,07017
7,18,439,416,94.76,23,5.24,07018
7,19,420,409,97.38,11,2.62,07019
7,20,353,336,95.18,17,4.82,07020
7,21,342,328,95.91,14,4.09,07021
7,22,392,360,91.84,32,8.16,07022
7,23,403,389,96.53,14,3.47,07023
7,24,364,349,95.88,15,4.12,07024
7,25,371,332,89.49,39,10.51,07025
7,26,342,329,96.2,13,3.8,07026
7,27,349,342,97.99,7,2.01,07027
7,28,341,322,94.43,19,5.57,07028
7,29,396,380,95.96,16,4.04,07029
7,30,344,323,93.9,21,6.1,07030
7,31,318,294,92.45,24,7.55,07031
7,32,537,512,95.34,25,4.66,07032
7,33,524,508,96.95,16,3.05,07033
7,34,531,517,97.36,14,2.64,07034
7,35,470,449,95.53,21,4.47,07035
7,36,525,508,96.76,17,3.24,07036
7,37,441,425,96.37,16,3.63,07037
7,38,367,356,97.0,11,3.0,07038
7,39,390,383,98.21,7,1.79,07039
7,40,372,363,97.58,9,2.42,07040
7,41,403,394,97.77,9,2.23,07041
7,42,393,384,97.71,9,2.29,07042
7,43,410,393,95.85,17,4.15,07043
7,44,378,366,96.83,12,3.17,07044
7,45,434,418,96.31,16,3.69,07045
7,46,154,144,93.51,10,6.49,07046
8,4,302,295,97.68,7,2.32,08004
8,5,10,10,100.0,0,0.0,08005
8,7,497,481,96.78,16,3.22,08007
8,9,292,283,96.92,9,3.08,08009
8,17,387,379,97.93,8,2.07,08017
8,27,398,383,96.23,15,3.77,08027
8,28,457,442,96.72,15,3.28,08028
8,32,361,353,97.78,8,2.22,08032
8,36,448,435,97.1,13,2.9,08036
8,39,436,432,99.08,4,0.92,08039
8,42,578,563,97.4,15,2.6,08042
8,46,361,355,98.34,6,1.66,08046
8,49,23,21,91.3,2,8.7,08049
8,50,138,137,99.28,1,0.72,08050
8,53,269,260,96.65,9,3.35,08053
9,1,422,406,96.21,16,3.79,09001
9,2,341,330,96.77,11,3.23,09002
9,3,303,287,94.72,16,5.28,09003
9,4,333,327,98.2,6,1.8,09004
9,5,416,405,97.36,11,2.64,09005
9,6,397,383,96.47,14,3.53,09006
9,7,325,310,95.38,15,4.62,09007
9,8,458,439,95.85,19,4.15,09008
9,9,491,482,98.17,9,1.83,09009
9,10,335,321,95.82,14,4.18,09010
9,11,304,290,95.39,14,4.61,09011
9,13,479,469,97.91,10,2.09,09013
9,14,485,470,96.91,15,3.09,09014
9,15,529,504,95.27,25,4.73,09015
9,16,404,391,96.78,13,3.22,09016
9,17,319,303,94.98,16,5.02,09017
9,18,304,302,99.34,2,0.66,09018
9,19,421,410,97.39,11,2.61,09019
9,20,403,391,97.02,12,2.98,09020
9,21,403,380,94.29,23,5.71,09021
9,22,464,448,96.55,16,3.45,09022
9,26,537,511,95.16,26,4.84,09026
9,27,356,344,96.63,12,3.37,09027
9,28,281,256,91.1,25,8.9,09028
9,29,377,368,97.61,9,2.39,09029
9,30,367,350,95.37,17,4.63,09030
9,31,350,343,98.0,7,2.0,09031
9,32,436,421,96.56,15,3.44,09032
9,33,326,313,96.01,13,3.99,09033
9,34,363,347,95.59,16,4.41,09034
9,35,391,377,96.42,14,3.58,09035
9,37,651,555,85.25,96,14.75,09037
9,38,413,396,95.88,17,4.12,09038
9,39,450,440,97.78,10,2.22,09039
9,40,464,455,98.06,9,1.94,09040
9,41,353,340,96.32,13,3.68,09041
9,43,377,358,94.96,19,5.04,09043
9,44,369,364,98.64,5,1.36,09044
9,45,354,335,94.63,19,5.37,09045
9,46,400,374,93.5,26,6.5,09046
10,1,364,334,91.76,30,8.24,10001
10,2,471,299,63.48,172,36.52,10002
10,3,511,354,69.28,157,30.72,10003
10,4,365,330,90.41,35,9.59,10004
10,5,389,272,69.92,117,30.08,10005
10,6,403,314,77.92,89,22.08,10006
10,7,356,293,82.3,63,17.7,10007
10,8,247,231,93.52,16,6.48,10008
10,9,460,302,65.65,158,34.35,10009
10,10,516,389,75.39,127,24.61,10010
10,11,597,485,81.24,112,18.76,10011
10,12,343,270,78.72,73,21.28,10012
10,13,420,369,87.86,51,12.14,10013
10,14,590,461,78.14,129,21.86,10014
10,15,784,763,97.32,21,2.68,10015
10,16,373,267,71.58,106,28.42,10016
10,17,636,422,66.35,214,33.65,10017
10,18,278,254,91.37,24,8.63,10018
10,19,492,360,73.17,132,26.83,10019
10,20,491,389,79.23,102,20.77,10020
10,21,489,379,77.51,110,22.49,10021
10,22,276,221,80.07,55,19.93,10022
10,23,400,325,81.25,75,18.75,10023
10,24,487,305,62.63,182,37.37,10024
10,25,133,127,95.49,6,4.51,10025
10,26,336,289,86.01,47,13.99,10026
10,27,423,393,92.91,30,7.09,10027
10,28,533,449,84.24,84,15.76,10028
10,29,482,390,80.91,92,19.09,10029
10,30,432,366,84.72,66,15.28,10030
10,31,390,338,86.67,52,13.33,10031
10,32,491,379,77.19,112,22.81,10032
10,33,364,308,84.62,56,15.38,10033
10,34,325,290,89.23,35,10.77,10034
10,35,518,352,67.95,166,32.05,10035
10,36,133,124,93.23,9,6.77,10036
34,2,60,60,100.0,0,0.0,34002
34,4,335,321,95.82,14,4.18,34004
34,18,301,292,97.01,9,2.99,34018
34,22,319,309,96.87,10,3.13,34022
34,23,371,364,98.11,7,1.89,34023
34,24,374,363,97.06,11,2.94,34024
34,27,365,350,95.89,15,4.11,34027
34,28,291,280,96.22,11,3.78,34028
34,30,258,252,97.67,6,2.33,34030
34,36,381,368,96.59,13,3.41,34036
34,37,246,236,95.93,10,4.07,34037
34,38,227,216,95.15,11,4.85,34038
34,39,330,313,94.85,17,5.15,34039
34,41,227,226,99.56,1,0.44,34041
34,53,298,281,94.3,17,5.7,34053
