ward,precinct,total,JAMES A. DeLEO,JAMES A. DeLEO Percent,JOHN P. JOYCE,JOHN P. JOYCE Percent,precinct_id
26,1,5,1,20.0,4,80.0,26001
26,7,46,23,50.0,23,50.0,26007
26,30,59,31,52.54,28,47.46,26030
29,53,97,67,69.07,30,30.93,29053
29,54,98,84,85.71,14,14.29,29054
30,1,190,130,68.42,60,31.58,30001
30,2,124,84,67.74,40,32.26,30002
30,3,203,143,70.44,60,29.56,30003
30,4,52,45,86.54,7,13.46,30004
30,5,91,65,71.43,26,28.57,30005
30,6,157,101,64.33,56,35.67,30006
30,7,144,110,76.39,34,23.61,30007
30,8,175,125,71.43,50,28.57,30008
30,9,262,199,75.95,63,24.05,30009
30,10,126,93,73.81,33,26.19,30010
30,11,142,96,67.61,46,32.39,30011
30,12,148,95,64.19,53,35.81,30012
30,13,98,60,61.22,38,38.78,30013
30,14,113,77,68.14,36,31.86,30014
30,15,183,116,63.39,67,36.61,30015
30,16,83,53,63.86,30,36.14,30016
30,18,179,140,78.21,39,21.79,30018
30,19,96,76,79.17,20,20.83,30019
30,22,121,87,71.9,34,28.1,30022
30,23,92,59,64.13,33,35.87,30023
30,26,139,99,71.22,40,28.78,30026
30,27,122,91,74.59,31,25.41,30027
30,28,151,87,57.62,64,42.38,30028
30,29,148,93,62.84,55,37.16,30029
30,30,158,130,82.28,28,17.72,30030
30,31,122,98,80.33,24,19.67,30031
30,32,168,100,59.52,68,40.48,30032
30,33,4,4,100.0,0,0.0,30033
30,34,268,193,72.01,75,27.99,30034
30,35,113,74,65.49,39,34.51,30035
30,37,112,89,79.46,23,20.54,30037
30,38,164,120,73.17,44,26.83,30038
30,39,131,90,68.7,41,31.3,30039
30,40,126,92,73.02,34,26.98,30040
30,42,155,114,73.55,41,26.45,30042
30,43,113,83,73.45,30,26.55,30043
30,44,179,90,50.28,89,49.72,30044
31,5,6,5,83.33,1,16.67,31005
31,18,15,13,86.67,2,13.33,31018
31,32,0,0,0.0,0,0.0,31032
32,7,74,30,40.54,44,59.46,32007
32,8,111,60,54.05,51,45.95,32008
32,9,182,80,43.96,102,56.04,32009
32,10,71,32,45.07,39,54.93,32010
32,13,75,38,50.67,37,49.33,32013
32,15,124,58,46.77,66,53.23,32015
32,18,87,40,45.98,47,54.02,32018
32,19,213,109,51.17,104,48.83,32019
32,20,99,49,49.49,50,50.51,32020
32,21,151,70,46.36,81,53.64,32021
32,22,127,51,40.16,76,59.84,32022
32,23,100,47,47.0,53,53.0,32023
32,24,104,62,59.62,42,40.38,32024
32,25,138,75,54.35,63,45.65,32025
32,27,96,55,57.29,41,42.71,32027
32,32,104,45,43.27,59,56.73,32032
32,37,111,46,41.44,65,58.56,32037
32,38,148,58,39.19,90,60.81,32038
32,39,115,60,52.17,55,47.83,32039
32,40,127,61,48.03,66,51.97,32040
32,41,164,77,46.95,87,53.05,32041
32,42,137,74,54.01,63,45.99,32042
32,43,122,69,56.56,53,43.44,32043
32,44,107,58,54.21,49,45.79,32044
32,45,142,75,52.82,67,47.18,32045
32,48,111,39,35.14,72,64.86,32048
33,7,163,90,55.21,73,44.79,33007
33,8,139,81,58.27,58,41.73,33008
33,9,154,90,58.44,64,41.56,33009
33,11,161,83,51.55,78,48.45,33011
33,14,133,84,63.16,49,36.84,33014
33,16,170,119,70.0,51,30.0,33016
33,18,63,45,71.43,18,28.57,33018
33,22,167,103,61.68,64,38.32,33022
33,23,137,74,54.01,63,45.99,33023
33,24,160,78,48.75,82,51.25,33024
33,25,254,164,64.57,90,35.43,33025
33,26,4,2,50.0,2,50.0,33026
33,27,267,205,76.78,62,23.22,33027
33,28,146,72,49.32,74,50.68,33028
33,29,167,110,65.87,57,34.13,33029
33,35,23,19,82.61,4,17.39,33035
33,37,110,59,53.64,51,46.36,33037
33,38,61,39,63.93,22,36.07,33038
36,1,159,136,85.53,23,14.47,36001
36,2,141,111,78.72,30,21.28,36002
36,3,151,124,82.12,27,17.88,36003
36,5,145,125,86.21,20,13.79,36005
36,6,149,131,87.92,18,12.08,36006
36,7,188,143,76.06,45,23.94,36007
36,8,220,180,81.82,40,18.18,36008
36,9,198,160,80.81,38,19.19,36009
36,10,174,139,79.89,35,20.11,36010
36,11,287,250,87.11,37,12.89,36011
36,12,206,161,78.16,45,21.84,36012
36,13,321,290,90.34,31,9.66,36013
36,14,242,223,92.15,19,7.85,36014
36,15,169,142,84.02,27,15.98,36015
36,16,199,142,71.36,57,28.64,36016
36,17,169,141,83.43,28,16.57,36017
36,18,216,169,78.24,47,21.76,36018
36,19,358,346,96.65,12,3.35,36019
36,20,274,248,90.51,26,9.49,36020
36,21,203,173,85.22,30,14.78,36021
36,22,245,180,73.47,65,26.53,36022
36,25,129,94,72.87,35,27.13,36025
36,27,174,145,83.33,29,16.67,36027
36,28,164,137,83.54,27,16.46,36028
36,29,209,179,85.65,30,14.35,36029
36,30,268,223,83.21,45,16.79,36030
36,31,209,163,77.99,46,22.01,36031
36,32,216,190,87.96,26,12.04,36032
36,33,115,79,68.7,36,31.3,36033
36,34,140,108,77.14,32,22.86,36034
36,35,228,207,90.79,21,9.21,36035
36,36,180,149,82.78,31,17.22,36036
36,37,151,131,86.75,20,13.25,36037
36,38,133,110,82.71,23,17.29,36038
36,39,205,168,81.95,37,18.05,36039
36,40,223,192,86.1,31,13.9,36040
36,41,138,114,82.61,24,17.39,36041
36,42,157,118,75.16,39,24.84,36042
36,45,164,130,79.27,34,20.73,36045
36,46,185,139,75.14,46,24.86,36046
36,47,163,128,78.53,35,21.47,36047
36,48,222,203,91.44,19,8.56,36048
36,49,198,178,89.9,20,10.1,36049
36,50,237,222,93.67,15,6.33,36050
36,51,210,178,84.76,32,15.24,36051
36,52,152,130,85.53,22,14.47,36052
36,53,198,161,81.31,37,18.69,36053
36,55,196,151,77.04,45,22.96,36055
36,56,139,106,76.26,33,23.74,36056
38,1,122,86,70.49,36,29.51,38001
38,2,157,100,63.69,57,36.31,38002
38,3,168,129,76.79,39,23.21,38003
38,4,61,34,55.74,27,44.26,38004
38,5,225,149,66.22,76,33.78,38005
38,6,160,107,66.88,53,33.13,38006
38,7,213,161,75.59,52,24.41,38007
38,8,234,149,63.68,85,36.32,38008
38,9,168,91,54.17,77,45.83,38009
38,10,154,114,74.03,40,25.97,38010
38,11,130,78,60.0,52,40.0,38011
38,12,119,82,68.91,37,31.09,38012
38,13,142,109,76.76,33,23.24,38013
38,14,168,125,74.4,43,25.6,38014
38,15,135,81,60.0,54,40.0,38015
38,16,192,149,77.6,43,22.4,38016
38,17,153,113,73.86,40,26.14,38017
38,18,157,94,59.87,63,40.13,38018
38,19,131,86,65.65,45,34.35,38019
38,20,141,77,54.61,64,45.39,38020
38,21,151,90,59.6,61,40.4,38021
38,22,186,115,61.83,71,38.17,38022
38,23,129,82,63.57,47,36.43,38023
38,24,88,56,63.64,32,36.36,38024
38,25,157,120,76.43,37,23.57,38025
38,26,126,81,64.29,45,35.71,38026
38,27,108,72,66.67,36,33.33,38027
38,28,127,83,65.35,44,34.65,38028
38,29,125,75,60.0,50,40.0,38029
38,30,146,98,67.12,48,32.88,38030
38,31,173,118,68.21,55,31.79,38031
38,32,172,110,63.95,62,36.05,38032
38,33,131,88,67.18,43,32.82,38033
38,34,120,91,75.83,29,24.17,38034
38,35,163,98,60.12,65,39.88,38035
38,36,176,123,69.89,53,30.11,38036
38,37,183,125,68.31,58,31.69,38037
38,38,188,129,68.62,59,31.38,38038
38,39,148,92,62.16,56,37.84,38039
38,40,115,65,56.52,50,43.48,38040
38,41,210,139,66.19,71,33.81,38041
38,42,168,119,70.83,49,29.17,38042
38,43,147,74,50.34,73,49.66,38043
38,44,148,93,62.84,55,37.16,38044
38,45,167,105,62.87,62,37.13,38045
38,46,153,106,69.28,47,30.72,38046
38,47,152,102,67.11,50,32.89,38047
38,48,156,101,64.74,55,35.26,38048
38,49,142,84,59.15,58,40.85,38049
38,50,174,106,60.92,68,39.08,38050
38,51,124,82,66.13,42,33.87,38051
38,52,158,99,62.66,59,37.34,38052
38,53,150,87,58.0,63,42.0,38053
38,54,176,125,71.02,51,28.98,38054
38,55,237,186,78.48,51,21.52,38055
38,56,151,88,58.28,63,41.72,38056
39,1,141,70,49.65,71,50.35,39001
39,2,221,136,61.54,85,38.46,39002
39,3,160,92,57.5,68,42.5,39003
39,4,106,51,48.11,55,51.89,39004
39,5,153,86,56.21,67,43.79,39005
39,6,160,91,56.88,69,43.13,39006
39,7,174,109,62.64,65,37.36,39007
39,8,136,99,72.79,37,27.21,39008
39,9,228,158,69.3,70,30.7,39009
39,10,127,81,63.78,46,36.22,39010
39,11,190,119,62.63,71,37.37,39011
39,12,84,50,59.52,34,40.48,39012
39,13,66,50,75.76,16,24.24,39013
39,14,136,85,62.5,51,37.5,39014
39,15,112,72,64.29,40,35.71,39015
39,16,88,57,64.77,31,35.23,39016
39,17,100,60,60.0,40,40.0,39017
39,18,152,95,62.5,57,37.5,39018
39,19,99,66,66.67,33,33.33,39019
39,20,131,78,59.54,53,40.46,39020
39,21,108,75,69.44,33,30.56,39021
39,22,54,45,83.33,9,16.67,39022
39,23,91,47,51.65,44,48.35,39023
39,24,127,83,65.35,44,34.65,39024
39,25,54,38,70.37,16,29.63,39025
39,26,151,78,51.66,73,48.34,39026
39,28,76,29,38.16,47,61.84,39028
39,30,140,91,65.0,49,35.0,39030
39,31,94,53,56.38,41,43.62,39031
39,32,267,219,82.02,48,17.98,39032
39,33,164,98,59.76,66,40.24,39033
39,34,162,89,54.94,73,45.06,39034
39,35,124,68,54.84,56,45.16,39035
39,36,292,211,72.26,81,27.74,39036
39,37,192,97,50.52,95,49.48,39037
39,38,251,123,49.0,128,51.0,39038
39,39,83,47,56.63,36,43.37,39039
39,40,102,67,65.69,35,34.31,39040
39,41,29,17,58.62,12,41.38,39041
39,42,139,78,56.12,61,43.88,39042
39,43,115,65,56.52,50,43.48,39043
39,44,158,96,60.76,62,39.24,39044
39,45,136,78,57.35,58,42.65,39045
39,46,136,94,69.12,42,30.88,39046
39,47,108,73,67.59,35,32.41,39047
39,48,109,66,60.55,43,39.45,39048
39,49,82,40,48.78,42,51.22,39049
39,50,144,75,52.08,69,47.92,39050
40,1,96,56,58.33,40,41.67,40001
40,2,93,59,63.44,34,36.56,40002
40,5,117,67,57.26,50,42.74,40005
40,6,87,61,70.11,26,29.89,40006
40,10,144,72,50.0,72,50.0,40010
40,14,94,57,60.64,37,39.36,40014
40,15,127,67,52.76,60,47.24,40015
40,17,69,45,65.22,24,34.78,40017
40,19,89,49,55.06,40,44.94,40019
40,20,92,51,55.43,41,44.57,40020
40,21,121,67,55.37,54,44.63,40021
40,23,125,63,50.4,62,49.6,40023
40,24,77,51,66.23,26,33.77,40024
40,25,102,61,59.8,41,40.2,40025
40,29,176,114,64.77,62,35.23,40029
40,30,181,120,66.3,61,33.7,40030
40,31,124,92,74.19,32,25.81,40031
40,32,87,49,56.32,38,43.68,40032
40,34,104,76,73.08,28,26.92,40034
40,36,128,91,71.09,37,28.91,40036
40,38,68,39,57.35,29,42.65,40038
40,40,75,39,52.0,36,48.0,40040
40,41,11,5,45.45,6,54.55,40041
40,44,105,59,56.19,46,43.81,40044
40,45,192,125,65.1,67,34.9,40045
41,3,169,98,57.99,71,42.01,41003
41,9,158,93,58.86,65,41.14,41009
41,10,172,82,47.67,90,52.33,41010
41,11,4,4,100.0,0,0.0,41011
41,12,185,139,75.14,46,24.86,41012
41,14,210,97,46.19,113,53.81,41014
41,16,186,112,60.22,74,39.78,41016
41,19,212,127,59.91,85,40.09,41019
41,21,129,68,52.71,61,47.29,41021
41,22,173,97,56.07,76,43.93,41022
41,23,177,96,54.24,81,45.76,41023
41,24,153,91,59.48,62,40.52,41024
41,30,160,104,65.0,56,35.0,41030
41,35,145,87,60.0,58,40.0,41035
41,43,142,81,57.04,61,42.96,41043
41,46,163,98,60.12,65,39.88,41046
41,47,154,74,48.05,80,51.95,41047
41,50,179,110,61.45,69,38.55,41050
41,51,89,41,46.07,48,53.93,41051
41,54,144,67,46.53,77,53.47,41054
41,57,155,112,72.26,43,27.74,41057
41,59,158,72,45.57,86,54.43,41059
41,62,178,112,62.92,66,37.08,41062
41,65,143,82,57.34,61,42.66,41065
41,66,172,70,40.7,102,59.3,41066
43,2,59,25,42.37,34,57.63,43002
43,6,82,46,56.1,36,43.9,43006
43,7,55,27,49.09,28,50.91,43007
43,8,84,43,51.19,41,48.81,43008
43,10,19,16,84.21,3,15.79,43010
43,11,6,2,33.33,4,66.67,43011
43,12,104,53,50.96,51,49.04,43012
43,14,67,30,44.78,37,55.22,43014
43,17,114,53,46.49,61,53.51,43017
43,19,93,34,36.56,59,63.44,43019
43,20,122,62,50.82,60,49.18,43020
43,21,3,2,66.67,1,33.33,43021
43,22,61,29,47.54,32,52.46,43022
43,27,69,34,49.28,35,50.72,43027
43,29,50,17,34.0,33,66.0,43029
43,31,97,41,42.27,56,57.73,43031
43,32,60,34,56.67,26,43.33,43032
43,33,51,26,50.98,25,49.02,43033
43,34,48,22,45.83,26,54.17,43034
43,35,98,41,41.84,57,58.16,43035
43,38,73,34,46.58,39,53.42,43038
43,39,75,33,44.0,42,56.0,43039
43,41,33,15,45.45,18,54.55,43041
43,43,76,42,55.26,34,44.74,43043
43,44,103,50,48.54,53,51.46,43044
43,45,71,38,53.52,33,46.48,43045
43,48,95,41,43.16,54,56.84,43048
43,50,76,38,50.0,38,50.0,43050
43,51,64,27,42.19,37,57.81,43051
43,53,100,49,49.0,51,51.0,43053
43,54,41,27,65.85,14,34.15,43054
43,56,68,33,48.53,35,51.47,43056
43,57,42,15,35.71,27,64.29,43057
43,58,78,44,56.41,34,43.59,43058
43,59,121,63,52.07,58,47.93,43059
43,60,72,32,44.44,40,55.56,43060
44,1,128,72,56.25,56,43.75,44001
44,2,77,46,59.74,31,40.26,44002
44,5,102,58,56.86,44,43.14,44005
44,6,91,42,46.15,49,53.85,44006
44,8,41,21,51.22,20,48.78,44008
44,9,125,60,48.0,65,52.0,44009
44,10,99,48,48.48,51,51.52,44010
44,11,102,54,52.94,48,47.06,44011
44,12,80,43,53.75,37,46.25,44012
44,13,123,62,50.41,61,49.59,44013
44,14,121,65,53.72,56,46.28,44014
44,15,128,66,51.56,62,48.44,44015
44,16,83,40,48.19,43,51.81,44016
44,17,138,78,56.52,60,43.48,44017
44,18,11,5,45.45,6,54.55,44018
44,19,70,42,60.0,28,40.0,44019
44,20,109,57,52.29,52,47.71,44020
44,21,104,50,48.08,54,51.92,44021
44,22,101,53,52.48,48,47.52,44022
44,23,96,50,52.08,46,47.92,44023
44,24,76,36,47.37,40,52.63,44024
44,25,118,58,49.15,60,50.85,44025
44,26,67,36,53.73,31,46.27,44026
44,27,108,45,41.67,63,58.33,44027
44,28,78,39,50.0,39,50.0,44028
44,29,97,45,46.39,52,53.61,44029
44,30,86,52,60.47,34,39.53,44030
44,31,131,68,51.91,63,48.09,44031
44,32,62,36,58.06,26,41.94,44032
44,33,123,61,49.59,62,50.41,44033
44,34,67,38,56.72,29,43.28,44034
44,36,103,53,51.46,50,48.54,44036
44,37,144,78,54.17,66,45.83,44037
44,38,125,68,54.4,57,45.6,44038
44,39,117,63,53.85,54,46.15,44039
44,40,107,55,51.4,52,48.6,44040
44,41,117,66,56.41,51,43.59,44041
44,42,98,61,62.24,37,37.76,44042
44,43,116,69,59.48,47,40.52,44043
44,44,156,97,62.18,59,37.82,44044
44,45,48,22,45.83,26,54.17,44045
44,46,66,34,51.52,32,48.48,44046
44,47,93,52,55.91,41,44.09,44047
44,50,102,39,38.24,63,61.76,44050
45,1,133,85,63.91,48,36.09,45001
45,2,171,110,64.33,61,35.67,45002
45,3,287,207,72.13,80,27.87,45003
45,4,153,62,40.52,91,59.48,45004
45,5,103,56,54.37,47,45.63,45005
45,6,149,102,68.46,47,31.54,45006
45,7,173,104,60.12,69,39.88,45007
45,8,151,93,61.59,58,38.41,45008
45,9,218,126,57.8,92,42.2,45009
45,10,210,122,58.1,88,41.9,45010
45,11,178,89,50.0,89,50.0,45011
45,12,175,89,50.86,86,49.14,45012
45,13,205,137,66.83,68,33.17,45013
45,14,216,95,43.98,121,56.02,45014
45,15,222,133,59.91,89,40.09,45015
45,16,196,135,68.88,61,31.12,45016
45,17,152,102,67.11,50,32.89,45017
45,18,169,109,64.5,60,35.5,45018
45,19,258,174,67.44,84,32.56,45019
45,20,179,103,57.54,76,42.46,45020
45,21,176,117,66.48,59,33.52,45021
45,22,136,82,60.29,54,39.71,45022
45,23,169,110,65.09,59,34.91,45023
45,24,220,127,57.73,93,42.27,45024
45,25,151,91,60.26,60,39.74,45025
45,26,178,132,74.16,46,25.84,45026
45,27,173,93,53.76,80,46.24,45027
45,28,203,148,72.91,55,27.09,45028
45,29,184,103,55.98,81,44.02,45029
45,30,207,122,58.94,85,41.06,45030
45,31,166,99,59.64,67,40.36,45031
45,32,142,92,64.79,50,35.21,45032
45,33,215,133,61.86,82,38.14,45033
45,34,157,95,60.51,62,39.49,45034
45,35,159,87,54.72,72,45.28,45035
45,36,206,109,52.91,97,47.09,45036
45,37,152,91,59.87,61,40.13,45037
45,38,254,173,68.11,81,31.89,45038
45,39,216,138,63.89,78,36.11,45039
45,40,203,145,71.43,58,28.57,45040
45,41,143,87,60.84,56,39.16,45041
45,42,197,127,64.47,70,35.53,45042
45,43,151,101,66.89,50,33.11,45043
45,44,215,125,58.14,90,41.86,45044
45,45,144,80,55.56,64,44.44,45045
45,46,192,127,66.15,65,33.85,45046
45,47,182,100,54.95,82,45.05,45047
45,48,144,94,65.28,50,34.72,45048
45,49,178,93,52.25,85,47.75,45049
45,50,139,85,61.15,54,38.85,45050
45,51,189,114,60.32,75,39.68,45051
45,52,164,81,49.39,83,50.61,45052
45,53,179,107,59.78,72,40.22,45053
45,54,202,106,52.48,96,47.52,45054
45,55,133,90,67.67,43,32.33,45055
45,56,138,85,61.59,53,38.41,45056
45,57,179,113,63.13,66,36.87,45057
45,58,100,66,66.0,34,34.0,45058
46,3,148,68,45.95,80,54.05,46003
46,5,80,32,40.0,48,60.0,46005
46,10,42,19,45.24,23,54.76,46010
46,13,139,63,45.32,76,54.68,46013
46,17,105,44,41.9,61,58.1,46017
46,18,156,80,51.28,76,48.72,46018
46,24,95,50,52.63,45,47.37,46024
46,29,122,64,52.46,58,47.54,46029
46,31,132,72,54.55,60,45.45,46031
46,36,167,86,51.5,81,48.5,46036
46,37,156,79,50.64,77,49.36,46037
47,1,90,46,51.11,44,48.89,47001
47,2,228,137,60.09,91,39.91,47002
47,3,147,94,63.95,53,36.05,47003
47,4,187,95,50.8,92,49.2,47004
47,5,124,59,47.58,65,52.42,47005
47,6,195,91,46.67,104,53.33,47006
47,7,141,70,49.65,71,50.35,47007
47,8,179,83,46.37,96,53.63,47008
47,9,183,130,71.04,53,28.96,47009
47,10,147,70,47.62,77,52.38,47010
47,11,229,128,55.9,101,44.1,47011
47,12,172,86,50.0,86,50.0,47012
47,13,260,151,58.08,109,41.92,47013
47,14,229,140,61.14,89,38.86,47014
47,15,119,54,45.38,65,54.62,47015
47,16,103,53,51.46,50,48.54,47016
47,17,190,105,55.26,85,44.74,47017
47,18,137,68,49.64,69,50.36,47018
47,19,190,105,55.26,85,44.74,47019
47,20,152,89,58.55,63,41.45,47020
47,21,100,60,60.0,40,40.0,47021
47,22,109,59,54.13,50,45.87,47022
47,23,64,27,42.19,37,57.81,47023
47,24,98,52,53.06,46,46.94,47024
47,25,130,72,55.38,58,44.62,47025
47,26,195,99,50.77,96,49.23,47026
47,27,131,66,50.38,65,49.62,47027
47,28,201,132,65.67,69,34.33,47028
47,29,160,74,46.25,86,53.75,47029
47,30,90,51,56.67,39,43.33,47030
47,31,150,77,51.33,73,48.67,47031
47,32,173,93,53.76,80,46.24,47032
47,33,137,67,48.91,70,51.09,47033
47,34,143,71,49.65,72,50.35,47034
47,35,211,105,49.76,106,50.24,47035
47,36,168,91,54.17,77,45.83,47036
47,37,156,80,51.28,76,48.72,47037
47,38,165,82,49.7,83,50.3,47038
47,39,136,67,49.26,69,50.74,47039
47,40,122,67,54.92,55,45.08,47040
47,41,87,47,54.02,40,45.98,47041
47,42,168,81,48.21,87,51.79,47042
47,43,182,94,51.65,88,48.35,47043
47,44,113,58,51.33,55,48.67,47044
47,45,156,84,53.85,72,46.15,47045
