ward,precinct,total,ROBERT DALLAS,ROBERT DALLAS Percent,STEVE DENARI,STEVE DENARI Percent,precinct_id
1,6,8,3,37.5,5,62.5,01006
1,28,1,1,100.0,0,0.0,01028
1,34,3,0,0.0,3,100.0,01034
1,35,3,2,66.67,1,33.33,01035
2,1,24,10,41.67,14,58.33,02001
2,3,1,0,0.0,1,100.0,02003
2,4,1,1,100.0,0,0.0,02004
2,5,2,0,0.0,2,100.0,02005
2,7,2,2,100.0,0,0.0,02007
2,8,20,11,55.0,9,45.0,02008
2,9,1,0,0.0,1,100.0,02009
2,10,0,0,0.0,0,0.0,02010
2,11,12,7,58.33,5,41.67,02011
2,15,2,1,50.0,1,50.0,02015
2,17,0,0,0.0,0,0.0,02017
2,19,0,0,0.0,0,0.0,02019
2,22,18,9,50.0,9,50.0,02022
2,23,0,0,0.0,0,0.0,02023
2,25,4,1,25.0,3,75.0,02025
2,26,2,1,50.0,1,50.0,02026
2,27,1,1,100.0,0,0.0,02027
2,28,3,2,66.67,1,33.33,02028
2,30,3,2,66.67,1,33.33,02030
2,32,4,3,75.0,1,25.0,02032
2,34,2,0,0.0,2,100.0,02034
2,35,4,3,75.0,1,25.0,02035
2,36,1,0,0.0,1,100.0,02036
2,37,14,8,57.14,6,42.86,02037
2,38,3,1,33.33,2,66.67,02038
2,39,4,3,75.0,1,25.0,02039
2,40,3,3,100.0,0,0.0,02040
2,41,1,1,100.0,0,0.0,02041
2,42,1,1,100.0,0,0.0,02042
2,43,25,10,40.0,15,60.0,02043
2,49,7,3,42.86,4,57.14,02049
2,51,2,0,0.0,2,100.0,02051
2,52,6,3,50.0,3,50.0,02052
2,53,0,0,0.0,0,0.0,02053
2,54,21,11,52.38,10,47.62,02054
3,1,3,3,100.0,0,0.0,03001
3,4,0,0,0.0,0,0.0,03004
3,5,1,0,0.0,1,100.0,03005
3,7,0,0,0.0,0,0.0,03007
3,8,1,1,100.0,0,0.0,03008
3,10,1,0,0.0,1,100.0,03010
3,11,2,1,50.0,1,50.0,03011
3,12,2,1,50.0,1,50.0,03012
3,13,0,0,0.0,0,0.0,03013
3,14,0,0,0.0,0,0.0,03014
3,15,0,0,0.0,0,0.0,03015
3,16,1,1,100.0,0,0.0,03016
3,17,1,1,100.0,0,0.0,03017
3,18,1,1,100.0,0,0.0,03018
3,19,0,0,0.0,0,0.0,03019
3,20,1,0,0.0,1,100.0,03020
3,21,1,0,0.0,1,100.0,03021
3,22,0,0,0.0,0,0.0,03022
3,26,1,1,100.0,0,0.0,03026
3,29,0,0,0.0,0,0.0,03029
3,30,1,1,100.0,0,0.0,03030
3,31,0,0,0.0,0,0.0,03031
3,32,3,1,33.33,2,66.67,03032
3,35,0,0,0.0,0,0.0,03035
3,37,1,1,100.0,0,0.0,03037
3,40,3,3,100.0,0,0.0,03040
3,43,0,0,0.0,0,0.0,03043
3,46,0,0,0.0,0,0.0,03046
3,47,3,2,66.67,1,33.33,03047
3,48,1,0,0.0,1,100.0,03048
3,49,2,1,50.0,1,50.0,03049
3,50,1,1,100.0,0,0.0,03050
3,52,2,1,50.0,1,50.0,03052
4,8,0,0,0.0,0,0.0,04008
11,12,0,0,0.0,0,0.0,11012
11,13,4,3,75.0,1,25.0,11013
11,34,5,2,40.0,3,60.0,11034
11,35,1,1,100.0,0,0.0,11035
11,37,2,2,100.0,0,0.0,11037
11,38,4,2,50.0,2,50.0,11038
11,39,6,4,66.67,2,33.33,11039
11,40,3,2,66.67,1,33.33,11040
11,41,2,0,0.0,2,100.0,11041
11,42,0,0,0.0,0,0.0,11042
11,43,6,2,33.33,4,66.67,11043
11,45,4,3,75.0,1,25.0,11045
11,46,1,1,100.0,0,0.0,11046
11,47,5,3,60.0,2,40.0,11047
11,48,1,1,100.0,0,0.0,11048
11,49,7,4,57.14,3,42.86,11049
11,50,1,1,100.0,0,0.0,11050
11,52,4,1,25.0,3,75.0,11052
11,53,4,3,75.0,1,25.0,11053
11,54,0,0,0.0,0,0.0,11054
12,19,1,0,0.0,1,100.0,12019
16,16,1,1,100.0,0,0.0,16016
16,17,0,0,0.0,0,0.0,16017
16,18,0,0,0.0,0,0.0,16018
20,4,1,0,0.0,1,100.0,20004
20,8,0,0,0.0,0,0.0,20008
20,15,1,0,0.0,1,100.0,20015
20,21,1,1,100.0,0,0.0,20021
20,27,1,1,100.0,0,0.0,20027
20,31,2,0,0.0,2,100.0,20031
20,48,3,2,66.67,1,33.33,20048
22,7,2,1,50.0,1,50.0,22007
22,8,3,1,33.33,2,66.67,22008
22,12,1,0,0.0,1,100.0,22012
22,20,1,1,100.0,0,0.0,22020
22,21,1,0,0.0,1,100.0,22021
22,28,2,2,100.0,0,0.0,22028
24,1,0,0,0.0,0,0.0,24001
24,2,2,1,50.0,1,50.0,24002
24,3,1,1,100.0,0,0.0,24003
24,4,0,0,0.0,0,0.0,24004
24,5,0,0,0.0,0,0.0,24005
24,6,1,1,100.0,0,0.0,24006
24,7,0,0,0.0,0,0.0,24007
24,8,0,0,0.0,0,0.0,24008
24,9,7,3,42.86,4,57.14,24009
24,10,0,0,0.0,0,0.0,24010
24,11,4,4,100.0,0,0.0,24011
24,12,2,2,100.0,0,0.0,24012
24,13,1,1,100.0,0,0.0,24013
24,14,0,0,0.0,0,0.0,24014
24,15,0,0,0.0,0,0.0,24015
24,16,0,0,0.0,0,0.0,24016
24,17,0,0,0.0,0,0.0,24017
24,18,0,0,0.0,0,0.0,24018
24,19,1,1,100.0,0,0.0,24019
24,20,1,1,100.0,0,0.0,24020
24,21,1,0,0.0,1,100.0,24021
24,22,0,0,0.0,0,0.0,24022
24,23,0,0,0.0,0,0.0,24023
24,24,1,0,0.0,1,100.0,24024
24,25,2,1,50.0,1,50.0,24025
24,26,0,0,0.0,0,0.0,24026
24,27,0,0,0.0,0,0.0,24027
24,28,0,0,0.0,0,0.0,24028
24,29,1,1,100.0,0,0.0,24029
24,30,0,0,0.0,0,0.0,24030
24,31,1,1,100.0,0,0.0,24031
24,32,3,2,66.67,1,33.33,24032
24,33,0,0,0.0,0,0.0,24033
24,34,4,3,75.0,1,25.0,24034
24,35,0,0,0.0,0,0.0,24035
24,36,0,0,0.0,0,0.0,24036
24,37,1,0,0.0,1,100.0,24037
24,38,1,0,0.0,1,100.0,24038
24,39,0,0,0.0,0,0.0,24039
24,40,2,1,50.0,1,50.0,24040
24,41,1,1,100.0,0,0.0,24041
24,42,1,1,100.0,0,0.0,24042
24,43,1,1,100.0,0,0.0,24043
24,44,0,0,0.0,0,0.0,24044
24,45,1,1,100.0,0,0.0,24045
24,46,3,1,33.33,2,66.67,24046
24,47,2,2,100.0,0,0.0,24047
24,48,1,1,100.0,0,0.0,24048
24,49,1,1,100.0,0,0.0,24049
24,50,2,0,0.0,2,100.0,24050
24,51,8,6,75.0,2,25.0,24051
24,52,0,0,0.0,0,0.0,24052
24,53,2,0,0.0,2,100.0,24053
25,3,11,3,27.27,8,72.73,25003
25,4,7,1,14.29,6,85.71,25004
25,6,0,0,0.0,0,0.0,25006
25,10,0,0,0.0,0,0.0,25010
25,14,14,5,35.71,9,64.29,25014
25,16,11,8,72.73,3,27.27,25016
25,18,11,4,36.36,7,63.64,25018
25,21,21,7,33.33,14,66.67,25021
27,1,34,17,50.0,17,50.0,27001
27,2,2,1,50.0,1,50.0,27002
27,3,0,0,0.0,0,0.0,27003
27,4,0,0,0.0,0,0.0,27004
27,5,14,8,57.14,6,42.86,27005
27,6,1,1,100.0,0,0.0,27006
27,7,2,2,100.0,0,0.0,27007
27,8,1,0,0.0,1,100.0,27008
27,9,1,0,0.0,1,100.0,27009
27,11,3,3,100.0,0,0.0,27011
27,12,2,1,50.0,1,50.0,27012
27,13,37,22,59.46,15,40.54,27013
27,14,1,1,100.0,0,0.0,27014
27,15,2,2,100.0,0,0.0,27015
27,16,13,8,61.54,5,38.46,27016
27,17,11,3,27.27,8,72.73,27017
27,18,3,1,33.33,2,66.67,27018
27,19,1,1,100.0,0,0.0,27019
27,20,3,2,66.67,1,33.33,27020
27,21,0,0,0.0,0,0.0,27021
27,22,1,0,0.0,1,100.0,27022
27,23,1,1,100.0,0,0.0,27023
27,24,2,2,100.0,0,0.0,27024
27,25,1,1,100.0,0,0.0,27025
27,26,0,0,0.0,0,0.0,27026
27,27,1,1,100.0,0,0.0,27027
27,28,12,6,50.0,6,50.0,27028
27,29,0,0,0.0,0,0.0,27029
27,30,13,5,38.46,8,61.54,27030
27,31,0,0,0.0,0,0.0,27031
27,33,5,3,60.0,2,40.0,27033
27,34,0,0,0.0,0,0.0,27034
27,35,0,0,0.0,0,0.0,27035
27,36,1,1,100.0,0,0.0,27036
27,37,11,3,27.27,8,72.73,27037
27,38,28,14,50.0,14,50.0,27038
27,39,1,1,100.0,0,0.0,27039
27,40,0,0,0.0,0,0.0,27040
27,41,80,26,32.5,54,67.5,27041
27,42,10,7,70.0,3,30.0,27042
27,43,0,0,0.0,0,0.0,27043
27,44,0,0,0.0,0,0.0,27044
27,45,0,0,0.0,0,0.0,27045
27,46,0,0,0.0,0,0.0,27046
27,47,1,1,100.0,0,0.0,27047
27,48,3,1,33.33,2,66.67,27048
27,49,1,1,100.0,0,0.0,27049
27,50,10,4,40.0,6,60.0,27050
27,51,1,1,100.0,0,0.0,27051
27,52,0,0,0.0,0,0.0,27052
27,53,41,20,48.78,21,51.22,27053
27,54,2,1,50.0,1,50.0,27054
27,55,0,0,0.0,0,0.0,27055
28,1,2,2,100.0,0,0.0,28001
28,2,1,1,100.0,0,0.0,28002
28,3,1,1,100.0,0,0.0,28003
28,4,1,1,100.0,0,0.0,28004
28,5,1,0,0.0,1,100.0,28005
28,6,1,1,100.0,0,0.0,28006
28,7,0,0,0.0,0,0.0,28007
28,8,0,0,0.0,0,0.0,28008
28,9,0,0,0.0,0,0.0,28009
28,10,2,2,100.0,0,0.0,28010
28,11,0,0,0.0,0,0.0,28011
28,12,1,0,0.0,1,100.0,28012
28,13,0,0,0.0,0,0.0,28013
28,15,0,0,0.0,0,0.0,28015
28,16,1,1,100.0,0,0.0,28016
28,17,1,0,0.0,1,100.0,28017
28,18,2,1,50.0,1,50.0,28018
28,19,0,0,0.0,0,0.0,28019
28,20,2,1,50.0,1,50.0,28020
28,21,1,1,100.0,0,0.0,28021
28,22,1,0,0.0,1,100.0,28022
28,23,1,0,0.0,1,100.0,28023
28,24,1,1,100.0,0,0.0,28024
28,25,1,1,100.0,0,0.0,28025
28,26,1,1,100.0,0,0.0,28026
28,27,0,0,0.0,0,0.0,28027
28,28,0,0,0.0,0,0.0,28028
28,29,4,2,50.0,2,50.0,28029
28,30,3,3,100.0,0,0.0,28030
28,31,0,0,0.0,0,0.0,28031
28,32,2,2,100.0,0,0.0,28032
28,33,0,0,0.0,0,0.0,28033
28,34,1,1,100.0,0,0.0,28034
28,35,0,0,0.0,0,0.0,28035
28,36,2,2,100.0,0,0.0,28036
28,37,0,0,0.0,0,0.0,28037
28,38,0,0,0.0,0,0.0,28038
28,39,1,1,100.0,0,0.0,28039
28,40,1,1,100.0,0,0.0,28040
28,41,0,0,0.0,0,0.0,28041
28,42,0,0,0.0,0,0.0,28042
28,43,0,0,0.0,0,0.0,28043
28,44,1,1,100.0,0,0.0,28044
28,45,0,0,0.0,0,0.0,28045
28,46,0,0,0.0,0,0.0,28046
28,47,1,0,0.0,1,100.0,28047
28,48,0,0,0.0,0,0.0,28048
28,49,1,1,100.0,0,0.0,28049
28,50,0,0,0.0,0,0.0,28050
28,51,1,1,100.0,0,0.0,28051
28,52,0,0,0.0,0,0.0,28052
28,53,0,0,0.0,0,0.0,28053
28,54,0,0,0.0,0,0.0,28054
28,55,1,1,100.0,0,0.0,28055
28,56,3,2,66.67,1,33.33,28056
28,57,0,0,0.0,0,0.0,28057
28,58,1,1,100.0,0,0.0,28058
28,59,2,0,0.0,2,100.0,28059
28,60,0,0,0.0,0,0.0,28060
28,61,0,0,0.0,0,0.0,28061
29,1,1,1,100.0,0,0.0,29001
29,3,0,0,0.0,0,0.0,29003
29,4,0,0,0.0,0,0.0,29004
29,5,2,2,100.0,0,0.0,29005
29,7,0,0,0.0,0,0.0,29007
29,8,2,2,100.0,0,0.0,29008
29,9,6,3,50.0,3,50.0,29009
29,10,0,0,0.0,0,0.0,29010
29,11,1,1,100.0,0,0.0,29011
29,12,4,2,50.0,2,50.0,29012
29,13,2,1,50.0,1,50.0,29013
29,14,3,3,100.0,0,0.0,29014
29,15,0,0,0.0,0,0.0,29015
29,16,0,0,0.0,0,0.0,29016
29,18,0,0,0.0,0,0.0,29018
29,19,0,0,0.0,0,0.0,29019
29,20,0,0,0.0,0,0.0,29020
29,21,2,2,100.0,0,0.0,29021
29,23,0,0,0.0,0,0.0,29023
29,24,0,0,0.0,0,0.0,29024
29,25,0,0,0.0,0,0.0,29025
29,26,0,0,0.0,0,0.0,29026
29,27,3,2,66.67,1,33.33,29027
29,28,2,1,50.0,1,50.0,29028
29,29,5,4,80.0,1,20.0,29029
29,30,3,1,33.33,2,66.67,29030
29,31,2,1,50.0,1,50.0,29031
29,32,1,1,100.0,0,0.0,29032
29,33,1,1,100.0,0,0.0,29033
29,35,0,0,0.0,0,0.0,29035
29,36,0,0,0.0,0,0.0,29036
29,37,3,3,100.0,0,0.0,29037
29,38,2,2,100.0,0,0.0,29038
29,39,0,0,0.0,0,0.0,29039
29,40,1,1,100.0,0,0.0,29040
29,41,0,0,0.0,0,0.0,29041
29,42,0,0,0.0,0,0.0,29042
29,43,1,0,0.0,1,100.0,29043
29,44,3,2,66.67,1,33.33,29044
29,45,1,0,0.0,1,100.0,29045
29,46,0,0,0.0,0,0.0,29046
29,47,6,2,33.33,4,66.67,29047
29,49,0,0,0.0,0,0.0,29049
29,50,2,2,100.0,0,0.0,29050
29,51,4,1,25.0,3,75.0,29051
29,52,0,0,0.0,0,0.0,29052
29,56,0,0,0.0,0,0.0,29056
31,19,0,0,0.0,0,0.0,31019
32,1,12,6,50.0,6,50.0,32001
32,6,5,3,60.0,2,40.0,32006
32,12,0,0,0.0,0,0.0,32012
32,26,11,4,36.36,7,63.64,32026
32,46,2,0,0.0,2,100.0,32046
36,4,1,0,0.0,1,100.0,36004
36,16,4,2,50.0,2,50.0,36016
36,23,2,1,50.0,1,50.0,36023
36,24,7,5,71.43,2,28.57,36024
36,26,4,2,50.0,2,50.0,36026
36,33,10,5,50.0,5,50.0,36033
36,43,1,1,100.0,0,0.0,36043
36,44,6,2,33.33,4,66.67,36044
36,54,5,2,40.0,3,60.0,36054
36,55,11,5,45.45,6,54.55,36055
37,1,1,0,0.0,1,100.0,37001
37,2,0,0,0.0,0,0.0,37002
37,3,3,1,33.33,2,66.67,37003
37,4,1,1,100.0,0,0.0,37004
37,5,0,0,0.0,0,0.0,37005
37,6,1,1,100.0,0,0.0,37006
37,7,1,0,0.0,1,100.0,37007
37,8,2,1,50.0,1,50.0,37008
37,9,1,1,100.0,0,0.0,37009
37,10,0,0,0.0,0,0.0,37010
37,12,4,1,25.0,3,75.0,37012
37,13,5,2,40.0,3,60.0,37013
37,14,0,0,0.0,0,0.0,37014
37,15,3,2,66.67,1,33.33,37015
37,16,4,2,50.0,2,50.0,37016
37,17,3,1,33.33,2,66.67,37017
37,18,1,0,0.0,1,100.0,37018
37,19,7,3,42.86,4,57.14,37019
37,20,3,2,66.67,1,33.33,37020
37,21,0,0,0.0,0,0.0,37021
37,22,0,0,0.0,0,0.0,37022
37,23,2,1,50.0,1,50.0,37023
37,24,0,0,0.0,0,0.0,37024
37,25,1,1,100.0,0,0.0,37025
37,26,4,3,75.0,1,25.0,37026
37,27,1,0,0.0,1,100.0,37027
37,28,2,2,100.0,0,0.0,37028
37,29,1,1,100.0,0,0.0,37029
37,30,3,3,100.0,0,0.0,37030
37,31,4,0,0.0,4,100.0,37031
37,32,2,2,100.0,0,0.0,37032
37,33,3,1,33.33,2,66.67,37033
37,34,1,1,100.0,0,0.0,37034
37,36,0,0,0.0,0,0.0,37036
37,37,3,1,33.33,2,66.67,37037
37,38,4,4,100.0,0,0.0,37038
37,39,1,0,0.0,1,100.0,37039
37,40,0,0,0.0,0,0.0,37040
37,41,0,0,0.0,0,0.0,37041
37,42,0,0,0.0,0,0.0,37042
37,43,0,0,0.0,0,0.0,37043
37,44,3,0,0.0,3,100.0,37044
37,45,0,0,0.0,0,0.0,37045
37,46,1,0,0.0,1,100.0,37046
37,47,2,1,50.0,1,50.0,37047
37,48,3,1,33.33,2,66.67,37048
37,49,3,3,100.0,0,0.0,37049
37,50,0,0,0.0,0,0.0,37050
42,2,16,7,43.75,9,56.25,42002
42,3,21,11,52.38,10,47.62,42003
42,4,44,31,70.45,13,29.55,42004
42,6,47,30,63.83,17,36.17,42006
42,9,23,16,69.57,7,30.43,42009
42,11,25,13,52.0,12,48.0,42011
42,12,19,13,68.42,6,31.58,42012
42,13,64,30,46.88,34,53.13,42013
42,14,16,10,62.5,6,37.5,42014
42,17,0,0,0.0,0,0.0,42017
42,18,15,8,53.33,7,46.67,42018
42,19,28,15,53.57,13,46.43,42019
42,20,10,7,70.0,3,30.0,42020
42,21,5,0,0.0,5,100.0,42021
42,22,13,5,38.46,8,61.54,42022
42,25,32,13,40.63,19,59.38,42025
42,26,6,5,83.33,1,16.67,42026
42,27,38,15,39.47,23,60.53,42027
42,31,8,6,75.0,2,25.0,42031
42,32,16,7,43.75,9,56.25,42032
42,34,25,13,52.0,12,48.0,42034
42,36,37,17,45.95,20,54.05,42036
42,37,22,10,45.45,12,54.55,42037
42,38,24,14,58.33,10,41.67,42038
42,39,10,4,40.0,6,60.0,42039
42,40,13,6,46.15,7,53.85,42040
42,41,14,9,64.29,5,35.71,42041
42,43,56,33,58.93,23,41.07,42043
42,45,14,9,64.29,5,35.71,42045
42,46,13,8,61.54,5,38.46,42046
42,47,29,17,58.62,12,41.38,42047
42,48,3,1,33.33,2,66.67,42048
42,49,17,9,52.94,8,47.06,42049
42,50,41,23,56.1,18,43.9,42050
42,51,20,14,70.0,6,30.0,42051
42,52,20,11,55.0,9,45.0,42052
42,53,23,11,47.83,12,52.17,42053
42,54,17,12,70.59,5,29.41,42054
42,55,36,14,38.89,22,61.11,42055
42,56,6,4,66.67,2,33.33,42056
42,57,19,10,52.63,9,47.37,42057
42,58,22,11,50.0,11,50.0,42058
42,59,11,8,72.73,3,27.27,42059
42,60,16,8,50.0,8,50.0,42060
42,62,27,19,70.37,8,29.63,42062
42,63,39,28,71.79,11,28.21,42063
42,64,10,6,60.0,4,40.0,42064
42,65,21,8,38.1,13,61.9,42065
42,66,16,8,50.0,8,50.0,42066
42,67,7,3,42.86,4,57.14,42067
43,1,1,0,0.0,1,100.0,43001
43,13,5,4,80.0,1,20.0,43013
43,25,8,1,12.5,7,87.5,43025
43,40,5,4,80.0,1,20.0,43040
43,55,1,1,100.0,0,0.0,43055
