ward,precinct,total,Maureen Masterson Pulia,Maureen Masterson Pulia Percent,Daniel J. Gallagher,Daniel J. Gallagher Percent,precinct_id
1,1,239,54,22.59,185,77.41,01001
1,2,264,58,21.97,206,78.03,01002
1,3,195,38,19.49,157,80.51,01003
1,4,227,46,20.26,181,79.74,01004
1,5,234,51,21.79,183,78.21,01005
1,6,221,65,29.41,156,70.59,01006
1,7,219,62,28.31,157,71.69,01007
1,8,242,44,18.18,198,81.82,01008
1,9,184,34,18.48,150,81.52,01009
1,10,261,72,27.59,189,72.41,01010
1,11,203,51,25.12,152,74.88,01011
1,12,286,85,29.72,201,70.28,01012
1,13,282,55,19.5,227,80.5,01013
1,14,233,46,19.74,187,80.26,01014
1,15,158,16,10.13,142,89.87,01015
1,16,89,11,12.36,78,87.64,01016
1,17,144,23,15.97,121,84.03,01017
1,18,185,28,15.14,157,84.86,01018
1,19,134,31,23.13,103,76.87,01019
1,20,205,42,20.49,163,79.51,01020
1,21,197,61,30.96,136,69.04,01021
1,22,168,23,13.69,145,86.31,01022
1,23,187,48,25.67,139,74.33,01023
1,24,293,51,17.41,242,82.59,01024
1,25,162,40,24.69,122,75.31,01025
1,26,233,59,25.32,174,74.68,01026
1,27,151,47,31.13,104,68.87,01027
1,28,117,25,21.37,92,78.63,01028
1,29,222,53,23.87,169,76.13,01029
1,30,298,56,18.79,242,81.21,01030
1,31,305,104,34.1,201,65.9,01031
1,32,184,42,22.83,142,77.17,01032
1,33,236,57,24.15,179,75.85,01033
1,34,164,37,22.56,127,77.44,01034
1,35,230,71,30.87,159,69.13,01035
1,36,261,63,24.14,198,75.86,01036
1,37,176,42,23.86,134,76.14,01037
1,38,133,26,19.55,107,80.45,01038
1,39,194,36,18.56,158,81.44,01039
1,40,124,25,20.16,99,79.84,01040
1,41,164,39,23.78,125,76.22,01041
1,42,167,43,25.75,124,74.25,01042
1,43,192,31,16.15,161,83.85,01043
1,44,183,37,20.22,146,79.78,01044
1,45,201,38,18.91,163,81.09,01045
1,46,257,63,24.51,194,75.49,01046
1,47,218,50,22.94,168,77.06,01047
1,48,135,30,22.22,105,77.78,01048
1,49,137,24,17.52,113,82.48,01049
1,50,151,27,17.88,124,82.12,01050
2,1,645,176,27.29,469,72.71,02001
2,2,80,7,8.75,73,91.25,02002
2,3,326,74,22.7,252,77.3,02003
2,4,205,2,0.98,203,99.02,02004
2,5,234,13,5.56,221,94.44,02005
2,6,472,173,36.65,299,63.35,02006
2,7,272,7,2.57,265,97.43,02007
2,8,374,103,27.54,271,72.46,02008
2,9,248,22,8.87,226,91.13,02009
2,10,136,9,6.62,127,93.38,02010
2,11,407,99,24.32,308,75.68,02011
2,12,490,174,35.51,316,64.49,02012
2,13,263,29,11.03,234,88.97,02013
2,14,324,28,8.64,296,91.36,02014
2,15,152,7,4.61,145,95.39,02015
2,16,446,152,34.08,294,65.92,02016
2,17,213,9,4.23,204,95.77,02017
2,18,320,97,30.31,223,69.69,02018
2,19,469,177,37.74,292,62.26,02019
2,20,359,31,8.64,328,91.36,02020
2,21,247,32,12.96,215,87.04,02021
2,22,427,108,25.29,319,74.71,02022
2,23,177,16,9.04,161,90.96,02023
2,24,185,48,25.95,137,74.05,02024
2,25,367,59,16.08,308,83.92,02025
2,26,281,68,24.2,213,75.8,02026
2,27,209,9,4.31,200,95.69,02027
2,28,225,73,32.44,152,67.56,02028
2,29,144,23,15.97,121,84.03,02029
2,30,338,117,34.62,221,65.38,02030
2,31,255,14,5.49,241,94.51,02031
2,32,131,25,19.08,106,80.92,02032
2,33,170,4,2.35,166,97.65,02033
2,34,165,11,6.67,154,93.33,02034
2,35,81,16,19.75,65,80.25,02035
2,36,458,113,24.67,345,75.33,02036
2,37,254,76,29.92,178,70.08,02037
2,38,507,197,38.86,310,61.14,02038
2,39,280,44,15.71,236,84.29,02039
2,40,592,157,26.52,435,73.48,02040
2,41,142,2,1.41,140,98.59,02041
2,42,115,7,6.09,108,93.91,02042
2,43,329,61,18.54,268,81.46,02043
2,44,163,13,7.98,150,92.02,02044
2,45,244,24,9.84,220,90.16,02045
2,46,312,21,6.73,291,93.27,02046
2,47,167,7,4.19,160,95.81,02047
2,48,140,2,1.43,138,98.57,02048
2,49,290,62,21.38,228,78.62,02049
2,50,175,40,22.86,135,77.14,02050
2,51,197,10,5.08,187,94.92,02051
2,52,290,21,7.24,269,92.76,02052
2,53,295,77,26.1,218,73.9,02053
2,54,369,69,18.7,300,81.3,02054
2,55,185,64,34.59,121,65.41,02055
2,56,224,13,5.8,211,94.2,02056
3,1,198,9,4.55,189,95.45,03001
3,2,264,12,4.55,252,95.45,03002
3,3,279,42,15.05,237,84.95,03003
3,4,174,3,1.72,171,98.28,03004
3,5,183,14,7.65,169,92.35,03005
3,6,56,1,1.79,55,98.21,03006
3,7,173,8,4.62,165,95.38,03007
3,8,226,9,3.98,217,96.02,03008
3,9,228,4,1.75,224,98.25,03009
3,10,87,4,4.6,83,95.4,03010
3,11,245,7,2.86,238,97.14,03011
3,12,195,9,4.62,186,95.38,03012
3,13,130,25,19.23,105,80.77,03013
3,14,124,4,3.23,120,96.77,03014
3,15,240,9,3.75,231,96.25,03015
3,16,186,11,5.91,175,94.09,03016
3,17,120,2,1.67,118,98.33,03017
3,18,120,3,2.5,117,97.5,03018
3,19,64,13,20.31,51,79.69,03019
3,20,172,13,7.56,159,92.44,03020
3,21,99,2,2.02,97,97.98,03021
3,22,119,6,5.04,113,94.96,03022
3,23,200,12,6.0,188,94.0,03023
3,24,322,18,5.59,304,94.41,03024
3,25,159,4,2.52,155,97.48,03025
3,26,67,1,1.49,66,98.51,03026
3,27,236,8,3.39,228,96.61,03027
3,28,493,153,31.03,340,68.97,03028
3,29,210,7,3.33,203,96.67,03029
3,30,141,3,2.13,138,97.87,03030
3,31,294,7,2.38,287,97.62,03031
3,32,200,4,2.0,196,98.0,03032
3,33,284,14,4.93,270,95.07,03033
3,34,180,9,5.0,171,95.0,03034
3,35,229,10,4.37,219,95.63,03035
3,36,77,1,1.3,76,98.7,03036
3,37,96,4,4.17,92,95.83,03037
3,38,287,13,4.53,274,95.47,03038
3,39,284,5,1.76,279,98.24,03039
3,40,215,4,1.86,211,98.14,03040
3,41,163,20,12.27,143,87.73,03041
3,42,169,6,3.55,163,96.45,03042
3,43,39,0,0.0,39,100.0,03043
3,44,77,1,1.3,76,98.7,03044
3,45,310,56,18.06,254,81.94,03045
3,46,48,0,0.0,48,100.0,03046
3,47,130,5,3.85,125,96.15,03047
3,48,144,4,2.78,140,97.22,03048
3,49,86,3,3.49,83,96.51,03049
3,50,131,3,2.29,128,97.71,03050
4,1,417,48,11.51,369,88.49,04001
4,2,358,13,3.63,345,96.37,04002
4,3,292,15,5.14,277,94.86,04003
4,4,271,7,2.58,264,97.42,04004
4,5,359,21,5.85,338,94.15,04005
4,6,100,2,2.0,98,98.0,04006
4,7,324,15,4.63,309,95.37,04007
4,8,326,10,3.07,316,96.93,04008
4,9,484,21,4.34,463,95.66,04009
4,10,305,14,4.59,291,95.41,04010
4,11,245,6,2.45,239,97.55,04011
4,12,174,6,3.45,168,96.55,04012
4,13,211,25,11.85,186,88.15,04013
4,14,204,7,3.43,197,96.57,04014
4,15,238,14,5.88,224,94.12,04015
4,16,298,12,4.03,286,95.97,04016
4,17,284,34,11.97,250,88.03,04017
4,18,256,17,6.64,239,93.36,04018
4,19,258,16,6.2,242,93.8,04019
4,20,229,10,4.37,219,95.63,04020
4,21,382,25,6.54,357,93.46,04021
4,22,309,33,10.68,276,89.32,04022
4,23,225,33,14.67,192,85.33,04023
4,24,288,25,8.68,263,91.32,04024
4,25,277,19,6.86,258,93.14,04025
4,26,281,19,6.76,262,93.24,04026
4,27,236,12,5.08,224,94.92,04027
4,28,169,15,8.88,154,91.12,04028
4,29,235,38,16.17,197,83.83,04029
4,30,210,17,8.1,193,91.9,04030
4,31,188,24,12.77,164,87.23,04031
4,32,310,31,10.0,279,90.0,04032
4,33,263,22,8.37,241,91.63,04033
4,34,201,20,9.95,181,90.05,04034
4,35,170,10,5.88,160,94.12,04035
4,36,204,8,3.92,196,96.08,04036
4,37,4,0,0.0,4,100.0,04037
4,38,411,32,7.79,379,92.21,04038
4,39,184,5,2.72,179,97.28,04039
4,40,288,26,9.03,262,90.97,04040
4,41,146,14,9.59,132,90.41,04041
4,42,294,24,8.16,270,91.84,04042
4,43,177,13,7.34,164,92.66,04043
4,44,162,12,7.41,150,92.59,04044
4,45,395,34,8.61,361,91.39,04045
4,46,226,10,4.42,216,95.58,04046
4,47,391,36,9.21,355,90.79,04047
4,48,339,48,14.16,291,85.84,04048
4,49,209,7,3.35,202,96.65,04049
4,50,236,10,4.24,226,95.76,04050
4,51,243,12,4.94,231,95.06,04051
4,52,277,9,3.25,268,96.75,04052
5,1,270,11,4.07,259,95.93,05001
5,2,195,12,6.15,183,93.85,05002
5,3,142,10,7.04,132,92.96,05003
5,4,181,4,2.21,177,97.79,05004
5,5,227,4,1.76,223,98.24,05005
5,6,303,5,1.65,298,98.35,05006
5,7,275,15,5.45,260,94.55,05007
5,8,315,36,11.43,279,88.57,05008
5,9,242,6,2.48,236,97.52,05009
5,10,208,5,2.4,203,97.6,05010
5,11,219,26,11.87,193,88.13,05011
5,12,147,7,4.76,140,95.24,05012
5,13,247,15,6.07,232,93.93,05013
5,14,347,29,8.36,318,91.64,05014
5,15,238,26,10.92,212,89.08,05015
5,16,180,7,3.89,173,96.11,05016
5,17,244,11,4.51,233,95.49,05017
5,18,257,16,6.23,241,93.77,05018
5,19,130,6,4.62,124,95.38,05019
5,20,137,3,2.19,134,97.81,05020
5,21,271,7,2.58,264,97.42,05021
5,22,222,8,3.6,214,96.4,05022
5,23,171,8,4.68,163,95.32,05023
5,24,204,9,4.41,195,95.59,05024
5,25,239,8,3.35,231,96.65,05025
5,26,252,16,6.35,236,93.65,05026
5,27,359,55,15.32,304,84.68,05027
5,28,251,17,6.77,234,93.23,05028
5,29,229,18,7.86,211,92.14,05029
5,30,236,38,16.1,198,83.9,05030
5,31,224,10,4.46,214,95.54,05031
5,32,371,21,5.66,350,94.34,05032
5,33,148,6,4.05,142,95.95,05033
5,34,282,5,1.77,277,98.23,05034
5,35,197,28,14.21,169,85.79,05035
5,36,131,4,3.05,127,96.95,05036
5,37,200,21,10.5,179,89.5,05037
5,38,253,24,9.49,229,90.51,05038
5,39,332,33,9.94,299,90.06,05039
5,40,258,6,2.33,252,97.67,05040
5,41,239,31,12.97,208,87.03,05041
5,42,260,9,3.46,251,96.54,05042
5,43,264,12,4.55,252,95.45,05043
5,44,276,10,3.62,266,96.38,05044
5,45,158,7,4.43,151,95.57,05045
5,46,219,28,12.79,191,87.21,05046
5,47,187,7,3.74,180,96.26,05047
5,48,163,21,12.88,142,87.12,05048
5,49,55,2,3.64,53,96.36,05049
5,50,207,6,2.9,201,97.1,05050
5,51,164,4,2.44,160,97.56,05051
5,52,15,2,13.33,13,86.67,05052
5,53,278,22,7.91,256,92.09,05053
5,54,335,18,5.37,317,94.63,05054
5,55,206,4,1.94,202,98.06,05055
6,1,301,8,2.66,293,97.34,06001
6,2,297,18,6.06,279,93.94,06002
6,3,284,7,2.46,277,97.54,06003
6,4,196,14,7.14,182,92.86,06004
6,5,125,2,1.6,123,98.4,06005
6,6,224,12,5.36,212,94.64,06006
6,7,245,9,3.67,236,96.33,06007
6,8,339,7,2.06,332,97.94,06008
6,9,269,7,2.6,262,97.4,06009
6,10,374,13,3.48,361,96.52,06010
6,11,241,14,5.81,227,94.19,06011
6,12,244,5,2.05,239,97.95,06012
6,13,238,4,1.68,234,98.32,06013
6,14,244,5,2.05,239,97.95,06014
6,15,179,9,5.03,170,94.97,06015
6,16,296,11,3.72,285,96.28,06016
6,17,309,8,2.59,301,97.41,06017
6,18,157,4,2.55,153,97.45,06018
6,19,308,11,3.57,297,96.43,06019
6,20,255,7,2.75,248,97.25,06020
6,21,277,7,2.53,270,97.47,06021
6,22,260,6,2.31,254,97.69,06022
6,23,208,6,2.88,202,97.12,06023
6,24,250,6,2.4,244,97.6,06024
6,25,191,6,3.14,185,96.86,06025
6,26,266,7,2.63,259,97.37,06026
6,27,333,2,0.6,331,99.4,06027
6,28,448,10,2.23,438,97.77,06028
6,29,332,12,3.61,320,96.39,06029
6,30,212,9,4.25,203,95.75,06030
6,31,308,8,2.6,300,97.4,06031
6,32,258,5,1.94,253,98.06,06032
6,33,313,7,2.24,306,97.76,06033
6,34,227,10,4.41,217,95.59,06034
6,35,251,7,2.79,244,97.21,06035
6,36,167,4,2.4,163,97.6,06036
6,37,306,9,2.94,297,97.06,06037
6,38,267,12,4.49,255,95.51,06038
6,39,241,12,4.98,229,95.02,06039
6,40,151,4,2.65,147,97.35,06040
6,41,282,8,2.84,274,97.16,06041
6,42,145,6,4.14,139,95.86,06042
6,43,275,3,1.09,272,98.91,06043
6,44,259,11,4.25,248,95.75,06044
6,45,193,6,3.11,187,96.89,06045
6,46,248,7,2.82,241,97.18,06046
6,47,266,12,4.51,254,95.49,06047
6,48,229,6,2.62,223,97.38,06048
6,49,273,10,3.66,263,96.34,06049
6,50,287,11,3.83,276,96.17,06050
6,51,179,5,2.79,174,97.21,06051
6,52,177,3,1.69,174,98.31,06052
6,53,252,6,2.38,246,97.62,06053
6,54,278,9,3.24,269,96.76,06054
6,55,227,6,2.64,221,97.36,06055
6,56,188,5,2.66,183,97.34,06056
6,57,147,5,3.4,142,96.6,06057
6,58,284,10,3.52,274,96.48,06058
6,59,273,6,2.2,267,97.8,06059
6,60,173,1,0.58,172,99.42,06060
6,61,141,4,2.84,137,97.16,06061
6,62,220,5,2.27,215,97.73,06062
6,63,232,5,2.16,227,97.84,06063
6,64,299,11,3.68,288,96.32,06064
7,1,400,14,3.5,386,96.5,07001
7,2,279,16,5.73,263,94.27,07002
7,3,171,7,4.09,164,95.91,07003
7,4,191,12,6.28,179,93.72,07004
7,5,205,11,5.37,194,94.63,07005
7,6,180,5,2.78,175,97.22,07006
7,7,165,6,3.64,159,96.36,07007
7,8,72,5,6.94,67,93.06,07008
7,9,205,5,2.44,200,97.56,07009
7,10,155,7,4.52,148,95.48,07010
7,11,243,10,4.12,233,95.88,07011
7,12,184,10,5.43,174,94.57,07012
7,13,166,5,3.01,161,96.99,07013
7,14,257,13,5.06,244,94.94,07014
7,15,148,5,3.38,143,96.62,07015
7,16,154,4,2.6,150,97.4,07016
7,17,111,3,2.7,108,97.3,07017
7,18,141,6,4.26,135,95.74,07018
7,19,321,17,5.3,304,94.7,07019
7,20,107,2,1.87,105,98.13,07020
7,21,259,4,1.54,255,98.46,07021
7,22,157,11,7.01,146,92.99,07022
7,23,220,9,4.09,211,95.91,07023
7,24,213,6,2.82,207,97.18,07024
7,25,279,10,3.58,269,96.42,07025
7,26,283,14,4.95,269,95.05,07026
7,27,313,13,4.15,300,95.85,07027
7,28,247,10,4.05,237,95.95,07028
7,29,201,5,2.49,196,97.51,07029
7,30,254,10,3.94,244,96.06,07030
7,31,219,15,6.85,204,93.15,07031
7,32,165,16,9.7,149,90.3,07032
7,33,171,6,3.51,165,96.49,07033
7,34,227,6,2.64,221,97.36,07034
7,35,271,16,5.9,255,94.1,07035
7,36,252,9,3.57,243,96.43,07036
7,37,125,4,3.2,121,96.8,07037
7,38,176,4,2.27,172,97.73,07038
7,39,198,2,1.01,196,98.99,07039
7,40,266,19,7.14,247,92.86,07040
7,41,187,5,2.67,182,97.33,07041
7,42,341,7,2.05,334,97.95,07042
7,43,253,12,4.74,241,95.26,07043
7,44,335,17,5.07,318,94.93,07044
7,45,300,14,4.67,286,95.33,07045
7,46,107,3,2.8,104,97.2,07046
7,47,213,2,0.94,211,99.06,07047
7,48,193,3,1.55,190,98.45,07048
7,49,113,2,1.77,111,98.23,07049
7,50,171,8,4.68,163,95.32,07050
7,51,389,12,3.08,377,96.92,07051
7,52,172,4,2.33,168,97.67,07052
7,53,189,9,4.76,180,95.24,07053
7,54,96,3,3.13,93,96.88,07054
7,55,199,5,2.51,194,97.49,07055
7,56,213,10,4.69,203,95.31,07056
7,57,158,9,5.7,149,94.3,07057
7,58,252,7,2.78,245,97.22,07058
7,59,123,6,4.88,117,95.12,07059
7,60,168,5,2.98,163,97.02,07060
7,61,203,5,2.46,198,97.54,07061
8,1,273,10,3.66,263,96.34,08001
8,2,139,1,0.72,138,99.28,08002
8,3,316,8,2.53,308,97.47,08003
8,4,229,7,3.06,222,96.94,08004
8,5,270,7,2.59,263,97.41,08005
8,6,259,8,3.09,251,96.91,08006
8,7,234,11,4.7,223,95.3,08007
8,8,297,9,3.03,288,96.97,08008
8,9,322,11,3.42,311,96.58,08009
8,10,343,8,2.33,335,97.67,08010
8,11,258,9,3.49,249,96.51,08011
8,12,263,8,3.04,255,96.96,08012
8,13,192,2,1.04,190,98.96,08013
8,14,173,3,1.73,170,98.27,08014
8,15,201,9,4.48,192,95.52,08015
8,16,273,9,3.3,264,96.7,08016
8,17,234,3,1.28,231,98.72,08017
8,18,155,3,1.94,152,98.06,08018
8,19,316,10,3.16,306,96.84,08019
8,20,193,3,1.55,190,98.45,08020
8,21,197,10,5.08,187,94.92,08021
8,22,208,4,1.92,204,98.08,08022
8,23,224,5,2.23,219,97.77,08023
8,24,248,7,2.82,241,97.18,08024
8,25,245,9,3.67,236,96.33,08025
8,26,185,4,2.16,181,97.84,08026
8,27,293,13,4.44,280,95.56,08027
8,28,211,5,2.37,206,97.63,08028
8,29,283,6,2.12,277,97.88,08029
8,30,231,9,3.9,222,96.1,08030
8,31,172,3,1.74,169,98.26,08031
8,32,365,9,2.47,356,97.53,08032
8,33,232,5,2.16,227,97.84,08033
8,34,324,5,1.54,319,98.46,08034
8,35,287,8,2.79,279,97.21,08035
8,36,223,5,2.24,218,97.76,08036
8,37,288,5,1.74,283,98.26,08037
8,38,270,8,2.96,262,97.04,08038
8,39,276,4,1.45,272,98.55,08039
8,40,216,6,2.78,210,97.22,08040
8,41,193,6,3.11,187,96.89,08041
8,42,272,9,3.31,263,96.69,08042
8,43,207,6,2.9,201,97.1,08043
8,44,201,9,4.48,192,95.52,08044
8,45,206,5,2.43,201,97.57,08045
8,46,216,7,3.24,209,96.76,08046
8,47,253,7,2.77,246,97.23,08047
8,48,232,7,3.02,225,96.98,08048
8,49,340,6,1.76,334,98.24,08049
8,50,254,5,1.97,249,98.03,08050
8,51,323,6,1.86,317,98.14,08051
8,52,259,8,3.09,251,96.91,08052
8,53,262,12,4.58,250,95.42,08053
8,54,263,13,4.94,250,95.06,08054
8,55,244,4,1.64,240,98.36,08055
8,56,276,12,4.35,264,95.65,08056
8,57,225,5,2.22,220,97.78,08057
8,58,265,8,3.02,257,96.98,08058
8,59,146,5,3.42,141,96.58,08059
8,60,232,3,1.29,229,98.71,08060
8,61,198,7,3.54,191,96.46,08061
8,62,216,4,1.85,212,98.15,08062
8,63,275,12,4.36,263,95.64,08063
8,64,236,12,5.08,224,94.92,08064
8,65,172,6,3.49,166,96.51,08065
8,66,381,18,4.72,363,95.28,08066
8,67,167,4,2.4,163,97.6,08067
8,68,160,5,3.13,155,96.88,08068
8,69,158,10,6.33,148,93.67,08069
8,70,286,15,5.24,271,94.76,08070
9,1,286,8,2.8,278,97.2,09001
9,2,288,6,2.08,282,97.92,09002
9,3,96,2,2.08,94,97.92,09003
9,4,237,9,3.8,228,96.2,09004
9,5,306,9,2.94,297,97.06,09005
9,6,293,8,2.73,285,97.27,09006
9,7,190,8,4.21,182,95.79,09007
9,8,273,8,2.93,265,97.07,09008
9,9,306,11,3.59,295,96.41,09009
9,10,259,7,2.7,252,97.3,09010
9,11,177,5,2.82,172,97.18,09011
9,12,239,1,0.42,238,99.58,09012
9,13,299,7,2.34,292,97.66,09013
9,14,356,9,2.53,347,97.47,09014
9,15,212,7,3.3,205,96.7,09015
9,16,181,4,2.21,177,97.79,09016
9,17,216,3,1.39,213,98.61,09017
9,18,251,7,2.79,244,97.21,09018
9,19,236,4,1.69,232,98.31,09019
9,20,260,1,0.38,259,99.62,09020
9,21,261,13,4.98,248,95.02,09021
9,22,311,7,2.25,304,97.75,09022
9,23,191,3,1.57,188,98.43,09023
9,24,101,7,6.93,94,93.07,09024
9,25,198,40,20.2,158,79.8,09025
9,26,179,7,3.91,172,96.09,09026
9,27,249,8,3.21,241,96.79,09027
9,28,115,5,4.35,110,95.65,09028
9,29,203,5,2.46,198,97.54,09029
9,30,238,4,1.68,234,98.32,09030
9,31,213,9,4.23,204,95.77,09031
9,32,226,3,1.33,223,98.67,09032
9,33,208,6,2.88,202,97.12,09033
9,34,195,7,3.59,188,96.41,09034
9,35,304,9,2.96,295,97.04,09035
9,36,311,7,2.25,304,97.75,09036
9,37,201,36,17.91,165,82.09,09037
9,38,266,14,5.26,252,94.74,09038
9,39,301,4,1.33,297,98.67,09039
9,40,266,7,2.63,259,97.37,09040
9,41,281,17,6.05,264,93.95,09041
9,42,103,2,1.94,101,98.06,09042
9,43,170,9,5.29,161,94.71,09043
9,44,154,6,3.9,148,96.1,09044
9,45,224,7,3.13,217,96.88,09045
9,46,207,5,2.42,202,97.58,09046
9,47,298,7,2.35,291,97.65,09047
9,48,269,6,2.23,263,97.77,09048
9,49,169,3,1.78,166,98.22,09049
9,50,224,4,1.79,220,98.21,09050
9,51,148,10,6.76,138,93.24,09051
9,52,271,6,2.21,265,97.79,09052
9,53,148,4,2.7,144,97.3,09053
10,1,183,8,4.37,175,95.63,10001
10,2,136,46,33.82,90,66.18,10002
10,3,188,85,45.21,103,54.79,10003
10,4,126,13,10.32,113,89.68,10004
10,5,161,39,24.22,122,75.78,10005
10,6,209,4,1.91,205,98.09,10006
10,7,48,4,8.33,44,91.67,10007
10,8,178,69,38.76,109,61.24,10008
10,9,181,68,37.57,113,62.43,10009
10,10,178,73,41.01,105,58.99,10010
10,11,174,53,30.46,121,69.54,10011
10,12,135,25,18.52,110,81.48,10012
10,13,158,44,27.85,114,72.15,10013
10,14,178,64,35.96,114,64.04,10014
10,15,78,24,30.77,54,69.23,10015
10,16,181,76,41.99,105,58.01,10016
10,17,158,50,31.65,108,68.35,10017
10,18,139,4,2.88,135,97.12,10018
10,19,211,70,33.18,141,66.82,10019
10,20,137,39,28.47,98,71.53,10020
10,21,166,68,40.96,98,59.04,10021
10,22,133,5,3.76,128,96.24,10022
10,23,142,33,23.24,109,76.76,10023
10,24,163,77,47.24,86,52.76,10024
10,25,191,23,12.04,168,87.96,10025
10,26,157,36,22.93,121,77.07,10026
10,27,196,63,32.14,133,67.86,10027
10,28,160,6,3.75,154,96.25,10028
10,29,199,9,4.52,190,95.48,10029
10,30,161,27,16.77,134,83.23,10030
10,31,159,46,28.93,113,71.07,10031
10,32,167,35,20.96,132,79.04,10032
10,33,171,34,19.88,137,80.12,10033
10,34,167,23,13.77,144,86.23,10034
10,35,153,25,16.34,128,83.66,10035
10,36,210,12,5.71,198,94.29,10036
10,37,137,7,5.11,130,94.89,10037
10,38,186,48,25.81,138,74.19,10038
10,39,155,29,18.71,126,81.29,10039
10,40,119,13,10.92,106,89.08,10040
10,41,224,77,34.38,147,65.63,10041
10,42,171,68,39.77,103,60.23,10042
10,43,101,8,7.92,93,92.08,10043
10,44,157,27,17.2,130,82.8,10044
10,45,102,20,19.61,82,80.39,10045
10,46,162,32,19.75,130,80.25,10046
10,47,135,26,19.26,109,80.74,10047
10,48,144,8,5.56,136,94.44,10048
11,1,249,60,24.1,189,75.9,11001
11,2,186,39,20.97,147,79.03,11002
11,3,163,28,17.18,135,82.82,11003
11,4,206,36,17.48,170,82.52,11004
11,5,129,30,23.26,99,76.74,11005
11,6,235,37,15.74,198,84.26,11006
11,7,185,36,19.46,149,80.54,11007
11,8,185,43,23.24,142,76.76,11008
11,9,121,27,22.31,94,77.69,11009
11,10,113,23,20.35,90,79.65,11010
11,11,333,98,29.43,235,70.57,11011
11,12,222,39,17.57,183,82.43,11012
11,13,189,33,17.46,156,82.54,11013
11,14,166,46,27.71,120,72.29,11014
11,15,160,33,20.63,127,79.38,11015
11,16,219,46,21.0,173,79.0,11016
11,17,274,51,18.61,223,81.39,11017
11,18,167,55,32.93,112,67.07,11018
11,19,182,45,24.73,137,75.27,11019
11,20,163,33,20.25,130,79.75,11020
11,21,192,56,29.17,136,70.83,11021
11,22,163,22,13.5,141,86.5,11022
11,23,148,33,22.3,115,77.7,11023
11,24,371,91,24.53,280,75.47,11024
11,25,198,43,21.72,155,78.28,11025
11,26,244,42,17.21,202,82.79,11026
11,27,174,58,33.33,116,66.67,11027
11,28,152,33,21.71,119,78.29,11028
11,29,189,31,16.4,158,83.6,11029
11,30,201,45,22.39,156,77.61,11030
11,31,145,49,33.79,96,66.21,11031
11,32,154,40,25.97,114,74.03,11032
11,33,126,30,23.81,96,76.19,11033
11,34,121,27,22.31,94,77.69,11034
11,35,295,64,21.69,231,78.31,11035
11,36,59,16,27.12,43,72.88,11036
11,37,276,89,32.25,187,67.75,11037
11,38,260,72,27.69,188,72.31,11038
11,39,284,73,25.7,211,74.3,11039
11,40,114,29,25.44,85,74.56,11040
11,41,100,20,20.0,80,80.0,11041
11,42,145,26,17.93,119,82.07,11042
11,43,222,61,27.48,161,72.52,11043
11,44,199,44,22.11,155,77.89,11044
11,45,98,35,35.71,63,64.29,11045
11,46,105,25,23.81,80,76.19,11046
11,47,163,49,30.06,114,69.94,11047
11,48,74,19,25.68,55,74.32,11048
11,49,172,40,23.26,132,76.74,11049
11,50,103,26,25.24,77,74.76,11050
12,1,88,11,12.5,77,87.5,12001
12,2,93,15,16.13,78,83.87,12002
12,3,145,31,21.38,114,78.62,12003
12,4,96,24,25.0,72,75.0,12004
12,5,96,14,14.58,82,85.42,12005
12,6,79,13,16.46,66,83.54,12006
12,7,158,16,10.13,142,89.87,12007
12,8,200,32,16.0,168,84.0,12008
12,9,104,21,20.19,83,79.81,12009
12,10,134,25,18.66,109,81.34,12010
12,11,182,23,12.64,159,87.36,12011
12,12,106,24,22.64,82,77.36,12012
12,13,196,45,22.96,151,77.04,12013
12,14,138,22,15.94,116,84.06,12014
12,15,86,13,15.12,73,84.88,12015
12,16,110,16,14.55,94,85.45,12016
12,17,121,20,16.53,101,83.47,12017
12,18,141,14,9.93,127,90.07,12018
12,19,189,40,21.16,149,78.84,12019
12,20,132,26,19.7,106,80.3,12020
12,21,135,21,15.56,114,84.44,12021
12,22,101,14,13.86,87,86.14,12022
12,23,142,28,19.72,114,80.28,12023
12,24,169,34,20.12,135,79.88,12024
13,1,225,68,30.22,157,69.78,13001
13,2,154,31,20.13,123,79.87,13002
13,3,247,47,19.03,200,80.97,13003
13,4,318,130,40.88,188,59.12,13004
13,5,230,47,20.43,183,79.57,13005
13,6,190,48,25.26,142,74.74,13006
13,7,200,41,20.5,159,79.5,13007
13,8,228,90,39.47,138,60.53,13008
13,9,245,53,21.63,192,78.37,13009
13,10,191,45,23.56,146,76.44,13010
13,11,191,41,21.47,150,78.53,13011
13,12,181,48,26.52,133,73.48,13012
13,13,260,42,16.15,218,83.85,13013
13,14,198,54,27.27,144,72.73,13014
13,15,277,51,18.41,226,81.59,13015
13,16,251,68,27.09,183,72.91,13016
13,17,225,77,34.22,148,65.78,13017
13,18,180,41,22.78,139,77.22,13018
13,19,275,35,12.73,240,87.27,13019
13,20,211,39,18.48,172,81.52,13020
13,21,235,50,21.28,185,78.72,13021
13,22,179,48,26.82,131,73.18,13022
13,23,180,41,22.78,139,77.22,13023
13,24,209,57,27.27,152,72.73,13024
13,25,181,53,29.28,128,70.72,13025
13,26,214,59,27.57,155,72.43,13026
13,27,230,50,21.74,180,78.26,13027
13,28,165,33,20.0,132,80.0,13028
13,29,201,50,24.88,151,75.12,13029
13,30,251,38,15.14,213,84.86,13030
13,31,223,34,15.25,189,84.75,13031
13,32,220,18,8.18,202,91.82,13032
13,33,202,38,18.81,164,81.19,13033
13,34,295,47,15.93,248,84.07,13034
13,35,220,44,20.0,176,80.0,13035
13,36,114,28,24.56,86,75.44,13036
13,37,231,38,16.45,193,83.55,13037
13,38,235,52,22.13,183,77.87,13038
13,39,180,42,23.33,138,76.67,13039
13,40,222,47,21.17,175,78.83,13040
13,41,191,29,15.18,162,84.82,13041
13,42,199,47,23.62,152,76.38,13042
13,43,215,57,26.51,158,73.49,13043
13,44,249,27,10.84,222,89.16,13044
13,45,269,77,28.62,192,71.38,13045
13,46,209,41,19.62,168,80.38,13046
13,47,223,42,18.83,181,81.17,13047
14,1,86,14,16.28,72,83.72,14001
14,2,158,39,24.68,119,75.32,14002
14,3,184,27,14.67,157,85.33,14003
14,4,143,30,20.98,113,79.02,14004
14,5,206,20,9.71,186,90.29,14005
14,6,156,21,13.46,135,86.54,14006
14,7,146,23,15.75,123,84.25,14007
14,8,108,14,12.96,94,87.04,14008
14,9,194,21,10.82,173,89.18,14009
14,10,164,35,21.34,129,78.66,14010
14,11,140,8,5.71,132,94.29,14011
14,12,142,20,14.08,122,85.92,14012
14,13,177,32,18.08,145,81.92,14013
14,14,146,23,15.75,123,84.25,14014
14,15,163,21,12.88,142,87.12,14015
14,16,170,34,20.0,136,80.0,14016
14,17,184,17,9.24,167,90.76,14017
14,18,153,30,19.61,123,80.39,14018
14,19,212,32,15.09,180,84.91,14019
14,20,125,34,27.2,91,72.8,14020
14,21,158,15,9.49,143,90.51,14021
14,22,201,36,17.91,165,82.09,14022
14,23,190,32,16.84,158,83.16,14023
14,24,124,13,10.48,111,89.52,14024
14,25,171,45,26.32,126,73.68,14025
14,26,173,28,16.18,145,83.82,14026
14,27,222,47,21.17,175,78.83,14027
14,28,166,25,15.06,141,84.94,14028
14,29,199,32,16.08,167,83.92,14029
14,30,142,26,18.31,116,81.69,14030
14,31,156,14,8.97,142,91.03,14031
14,32,119,10,8.4,109,91.6,14032
14,33,113,12,10.62,101,89.38,14033
14,34,133,12,9.02,121,90.98,14034
14,35,152,17,11.18,135,88.82,14035
15,1,111,12,10.81,99,89.19,15001
15,2,133,2,1.5,131,98.5,15002
15,3,147,7,4.76,140,95.24,15003
15,4,159,6,3.77,153,96.23,15004
15,5,157,1,0.64,156,99.36,15005
15,6,169,9,5.33,160,94.67,15006
15,7,158,2,1.27,156,98.73,15007
15,8,211,11,5.21,200,94.79,15008
15,9,152,6,3.95,146,96.05,15009
15,10,127,30,23.62,97,76.38,15010
15,11,188,8,4.26,180,95.74,15011
15,12,90,1,1.11,89,98.89,15012
15,13,127,12,9.45,115,90.55,15013
15,14,179,31,17.32,148,82.68,15014
15,15,133,9,6.77,124,93.23,15015
15,16,112,21,18.75,91,81.25,15016
15,17,159,5,3.14,154,96.86,15017
15,18,125,2,1.6,123,98.4,15018
15,19,142,2,1.41,140,98.59,15019
15,20,97,4,4.12,93,95.88,15020
15,21,148,6,4.05,142,95.95,15021
15,22,191,7,3.66,184,96.34,15022
15,23,115,3,2.61,112,97.39,15023
15,24,132,11,8.33,121,91.67,15024
15,25,147,9,6.12,138,93.88,15025
15,26,154,7,4.55,147,95.45,15026
15,27,150,4,2.67,146,97.33,15027
15,28,167,22,13.17,145,86.83,15028
15,29,79,3,3.8,76,96.2,15029
15,30,197,6,3.05,191,96.95,15030
15,31,147,4,2.72,143,97.28,15031
15,32,151,12,7.95,139,92.05,15032
15,33,114,6,5.26,108,94.74,15033
15,34,144,9,6.25,135,93.75,15034
15,35,168,4,2.38,164,97.62,15035
15,36,142,3,2.11,139,97.89,15036
15,37,132,4,3.03,128,96.97,15037
15,38,133,5,3.76,128,96.24,15038
15,39,152,3,1.97,149,98.03,15039
15,40,152,4,2.63,148,97.37,15040
15,41,225,17,7.56,208,92.44,15041
15,42,101,5,4.95,96,95.05,15042
15,43,132,1,0.76,131,99.24,15043
15,44,171,12,7.02,159,92.98,15044
15,45,78,4,5.13,74,94.87,15045
15,46,95,2,2.11,93,97.89,15046
15,47,187,5,2.67,182,97.33,15047
15,48,141,8,5.67,133,94.33,15048
15,49,125,10,8.0,115,92.0,15049
15,50,173,10,5.78,163,94.22,15050
15,51,94,3,3.19,91,96.81,15051
15,52,128,2,1.56,126,98.44,15052
16,1,106,7,6.6,99,93.4,16001
16,2,113,4,3.54,109,96.46,16002
16,3,143,2,1.4,141,98.6,16003
16,4,124,13,10.48,111,89.52,16004
16,5,143,9,6.29,134,93.71,16005
16,6,75,6,8.0,69,92.0,16006
16,7,151,10,6.62,141,93.38,16007
16,8,146,5,3.42,141,96.58,16008
16,9,197,5,2.54,192,97.46,16009
16,10,258,3,1.16,255,98.84,16010
16,11,165,8,4.85,157,95.15,16011
16,12,107,5,4.67,102,95.33,16012
16,13,128,15,11.72,113,88.28,16013
16,14,156,6,3.85,150,96.15,16014
16,15,186,3,1.61,183,98.39,16015
16,16,174,5,2.87,169,97.13,16016
16,17,124,24,19.35,100,80.65,16017
16,18,180,5,2.78,175,97.22,16018
16,19,185,5,2.7,180,97.3,16019
16,20,137,4,2.92,133,97.08,16020
16,21,141,26,18.44,115,81.56,16021
16,22,137,5,3.65,132,96.35,16022
16,23,133,18,13.53,115,86.47,16023
16,24,85,4,4.71,81,95.29,16024
16,25,105,4,3.81,101,96.19,16025
16,26,169,1,0.59,168,99.41,16026
16,27,207,5,2.42,202,97.58,16027
16,28,179,4,2.23,175,97.77,16028
16,29,139,5,3.6,134,96.4,16029
16,30,132,2,1.52,130,98.48,16030
16,31,201,5,2.49,196,97.51,16031
16,32,147,23,15.65,124,84.35,16032
16,33,122,5,4.1,117,95.9,16033
16,34,130,4,3.08,126,96.92,16034
16,35,158,20,12.66,138,87.34,16035
16,36,153,10,6.54,143,93.46,16036
16,37,105,1,0.95,104,99.05,16037
16,38,108,3,2.78,105,97.22,16038
16,39,148,26,17.57,122,82.43,16039
16,40,165,6,3.64,159,96.36,16040
16,41,66,0,0.0,66,100.0,16041
16,42,127,24,18.9,103,81.1,16042
16,43,159,7,4.4,152,95.6,16043
16,44,181,13,7.18,168,92.82,16044
17,1,103,3,2.91,100,97.09,17001
17,2,178,5,2.81,173,97.19,17002
17,3,126,4,3.17,122,96.83,17003
17,4,276,5,1.81,271,98.19,17004
17,5,164,8,4.88,156,95.12,17005
17,6,134,6,4.48,128,95.52,17006
17,7,228,6,2.63,222,97.37,17007
17,8,148,5,3.38,143,96.62,17008
17,9,123,3,2.44,120,97.56,17009
17,10,183,7,3.83,176,96.17,17010
17,11,183,6,3.28,177,96.72,17011
17,12,250,9,3.6,241,96.4,17012
17,13,127,4,3.15,123,96.85,17013
17,14,172,4,2.33,168,97.67,17014
17,15,215,7,3.26,208,96.74,17015
17,16,147,7,4.76,140,95.24,17016
17,17,140,5,3.57,135,96.43,17017
17,18,199,6,3.02,193,96.98,17018
17,19,88,2,2.27,86,97.73,17019
17,20,155,2,1.29,153,98.71,17020
17,21,241,5,2.07,236,97.93,17021
17,22,204,9,4.41,195,95.59,17022
17,23,126,4,3.17,122,96.83,17023
17,24,205,8,3.9,197,96.1,17024
17,25,106,0,0.0,106,100.0,17025
17,26,231,9,3.9,222,96.1,17026
17,27,224,10,4.46,214,95.54,17027
17,28,158,7,4.43,151,95.57,17028
17,29,202,8,3.96,194,96.04,17029
17,30,211,5,2.37,206,97.63,17030
17,31,170,6,3.53,164,96.47,17031
17,32,200,1,0.5,199,99.5,17032
17,33,153,7,4.58,146,95.42,17033
17,34,151,3,1.99,148,98.01,17034
17,35,113,6,5.31,107,94.69,17035
17,36,90,2,2.22,88,97.78,17036
17,37,151,0,0.0,151,100.0,17037
17,38,158,3,1.9,155,98.1,17038
17,39,137,5,3.65,132,96.35,17039
17,40,160,3,1.88,157,98.13,17040
17,41,137,3,2.19,134,97.81,17041
17,42,155,3,1.94,152,98.06,17042
17,43,113,4,3.54,109,96.46,17043
17,44,121,7,5.79,114,94.21,17044
17,45,101,1,0.99,100,99.01,17045
17,46,162,6,3.7,156,96.3,17046
17,47,98,3,3.06,95,96.94,17047
17,48,181,6,3.31,175,96.69,17048
17,49,110,4,3.64,106,96.36,17049
17,50,189,11,5.82,178,94.18,17050
17,51,205,7,3.41,198,96.59,17051
17,52,249,6,2.41,243,97.59,17052
17,53,179,4,2.23,175,97.77,17053
17,54,207,8,3.86,199,96.14,17054
17,55,176,4,2.27,172,97.73,17055
17,56,187,8,4.28,179,95.72,17056
17,57,198,6,3.03,192,96.97,17057
17,58,161,6,3.73,155,96.27,17058
17,59,102,1,0.98,101,99.02,17059
17,60,245,8,3.27,237,96.73,17060
17,61,171,0,0.0,171,100.0,17061
17,62,144,0,0.0,144,100.0,17062
17,63,133,3,2.26,130,97.74,17063
17,64,113,2,1.77,111,98.23,17064
18,1,124,9,7.26,115,92.74,18001
18,2,265,25,9.43,240,90.57,18002
18,3,177,54,30.51,123,69.49,18003
18,4,281,11,3.91,270,96.09,18004
18,5,208,4,1.92,204,98.08,18005
18,6,218,69,31.65,149,68.35,18006
18,7,226,26,11.5,200,88.5,18007
18,8,102,9,8.82,93,91.18,18008
18,9,274,22,8.03,252,91.97,18009
18,10,418,18,4.31,400,95.69,18010
18,11,251,38,15.14,213,84.86,18011
18,12,311,22,7.07,289,92.93,18012
18,13,299,18,6.02,281,93.98,18013
18,14,304,16,5.26,288,94.74,18014
18,15,132,34,25.76,98,74.24,18015
18,16,307,21,6.84,286,93.16,18016
18,17,248,14,5.65,234,94.35,18017
18,18,220,10,4.55,210,95.45,18018
18,19,280,8,2.86,272,97.14,18019
18,20,248,3,1.21,245,98.79,18020
18,21,386,25,6.48,361,93.52,18021
18,22,349,17,4.87,332,95.13,18022
18,23,247,15,6.07,232,93.93,18023
18,24,268,9,3.36,259,96.64,18024
18,25,250,9,3.6,241,96.4,18025
18,26,201,11,5.47,190,94.53,18026
18,27,243,18,7.41,225,92.59,18027
18,28,220,78,35.45,142,64.55,18028
18,29,286,37,12.94,249,87.06,18029
18,30,200,4,2.0,196,98.0,18030
18,31,247,18,7.29,229,92.71,18031
18,32,317,12,3.79,305,96.21,18032
18,33,225,11,4.89,214,95.11,18033
18,34,327,28,8.56,299,91.44,18034
18,35,321,21,6.54,300,93.46,18035
18,36,174,19,10.92,155,89.08,18036
18,37,219,15,6.85,204,93.15,18037
18,38,285,7,2.46,278,97.54,18038
18,39,227,11,4.85,216,95.15,18039
18,40,310,19,6.13,291,93.87,18040
18,41,239,70,29.29,169,70.71,18041
18,42,202,23,11.39,179,88.61,18042
18,43,184,26,14.13,158,85.87,18043
18,44,174,18,10.34,156,89.66,18044
18,45,268,10,3.73,258,96.27,18045
18,46,240,5,2.08,235,97.92,18046
18,47,229,18,7.86,211,92.14,18047
18,48,130,32,24.62,98,75.38,18048
18,49,169,6,3.55,163,96.45,18049
18,50,224,8,3.57,216,96.43,18050
18,51,299,8,2.68,291,97.32,18051
18,52,276,4,1.45,272,98.55,18052
18,53,173,4,2.31,169,97.69,18053
18,54,236,11,4.66,225,95.34,18054
18,55,234,88,37.61,146,62.39,18055
18,56,216,24,11.11,192,88.89,18056
18,57,192,25,13.02,167,86.98,18057
18,58,229,5,2.18,224,97.82,18058
18,59,228,8,3.51,220,96.49,18059
18,60,295,14,4.75,281,95.25,18060
18,61,225,5,2.22,220,97.78,18061
18,62,169,29,17.16,140,82.84,18062
19,1,289,101,34.95,188,65.05,19001
19,2,279,46,16.49,233,83.51,19002
19,3,248,111,44.76,137,55.24,19003
19,4,257,112,43.58,145,56.42,19004
19,5,347,56,16.14,291,83.86,19005
19,6,258,104,40.31,154,59.69,19006
19,7,265,75,28.3,190,71.7,19007
19,8,212,104,49.06,108,50.94,19008
19,9,199,81,40.7,118,59.3,19009
19,10,392,105,26.79,287,73.21,19010
19,11,313,159,50.8,154,49.2,19011
19,12,254,126,49.61,128,50.39,19012
19,13,237,28,11.81,209,88.19,19013
19,14,361,89,24.65,272,75.35,19014
19,15,244,111,45.49,133,54.51,19015
19,16,341,146,42.82,195,57.18,19016
19,17,301,122,40.53,179,59.47,19017
19,18,338,78,23.08,260,76.92,19018
19,19,305,83,27.21,222,72.79,19019
19,20,312,44,14.1,268,85.9,19020
19,21,213,90,42.25,123,57.75,19021
19,22,330,102,30.91,228,69.09,19022
19,23,342,123,35.96,219,64.04,19023
19,24,252,115,45.63,137,54.37,19024
19,25,355,141,39.72,214,60.28,19025
19,26,333,105,31.53,228,68.47,19026
19,27,226,30,13.27,196,86.73,19027
19,28,352,27,7.67,325,92.33,19028
19,29,252,118,46.83,134,53.17,19029
19,30,287,132,45.99,155,54.01,19030
19,31,261,83,31.8,178,68.2,19031
19,32,298,107,35.91,191,64.09,19032
19,33,323,143,44.27,180,55.73,19033
19,34,284,79,27.82,205,72.18,19034
19,35,309,75,24.27,234,75.73,19035
19,36,380,46,12.11,334,87.89,19036
19,37,331,55,16.62,276,83.38,19037
19,38,330,44,13.33,286,86.67,19038
19,39,148,7,4.73,141,95.27,19039
19,40,337,75,22.26,262,77.74,19040
19,41,207,99,47.83,108,52.17,19041
19,42,349,61,17.48,288,82.52,19042
19,43,464,25,5.39,439,94.61,19043
19,44,252,118,46.83,134,53.17,19044
19,45,299,119,39.8,180,60.2,19045
19,46,343,129,37.61,214,62.39,19046
19,47,438,68,15.53,370,84.47,19047
19,48,472,19,4.03,453,95.97,19048
19,49,394,63,15.99,331,84.01,19049
19,50,370,12,3.24,358,96.76,19050
19,51,206,84,40.78,122,59.22,19051
19,52,258,123,47.67,135,52.33,19052
19,53,295,86,29.15,209,70.85,19053
19,54,214,102,47.66,112,52.34,19054
19,55,239,104,43.51,135,56.49,19055
19,56,374,107,28.61,267,71.39,19056
19,57,344,80,23.26,264,76.74,19057
19,58,279,131,46.95,148,53.05,19058
19,59,320,151,47.19,169,52.81,19059
19,60,272,15,5.51,257,94.49,19060
19,61,335,106,31.64,229,68.36,19061
19,62,277,83,29.96,194,70.04,19062
19,63,208,29,13.94,179,86.06,19063
20,1,194,10,5.15,184,94.85,20001
20,2,169,9,5.33,160,94.67,20002
20,3,188,7,3.72,181,96.28,20003
20,4,146,14,9.59,132,90.41,20004
20,5,127,2,1.57,125,98.43,20005
20,6,227,13,5.73,214,94.27,20006
20,7,57,3,5.26,54,94.74,20007
20,8,60,13,21.67,47,78.33,20008
20,9,264,13,4.92,251,95.08,20009
20,10,146,5,3.42,141,96.58,20010
20,11,139,4,2.88,135,97.12,20011
20,12,111,7,6.31,104,93.69,20012
20,13,153,8,5.23,145,94.77,20013
20,14,233,9,3.86,224,96.14,20014
20,15,163,22,13.5,141,86.5,20015
20,16,262,25,9.54,237,90.46,20016
20,17,151,12,7.95,139,92.05,20017
20,18,130,3,2.31,127,97.69,20018
20,19,158,4,2.53,154,97.47,20019
20,20,91,1,1.1,90,98.9,20020
20,21,82,8,9.76,74,90.24,20021
20,22,288,15,5.21,273,94.79,20022
20,23,239,7,2.93,232,97.07,20023
20,24,217,11,5.07,206,94.93,20024
20,25,142,4,2.82,138,97.18,20025
20,26,198,11,5.56,187,94.44,20026
20,27,170,5,2.94,165,97.06,20027
20,28,166,3,1.81,163,98.19,20028
20,29,227,12,5.29,215,94.71,20029
20,30,176,7,3.98,169,96.02,20030
20,31,232,8,3.45,224,96.55,20031
20,32,139,6,4.32,133,95.68,20032
20,33,228,7,3.07,221,96.93,20033
20,34,332,20,6.02,312,93.98,20034
20,35,104,3,2.88,101,97.12,20035
20,36,156,4,2.56,152,97.44,20036
20,37,200,9,4.5,191,95.5,20037
20,38,31,1,3.23,30,96.77,20038
20,39,180,6,3.33,174,96.67,20039
20,40,136,2,1.47,134,98.53,20040
20,41,72,10,13.89,62,86.11,20041
20,42,159,6,3.77,153,96.23,20042
20,43,55,3,5.45,52,94.55,20043
20,44,218,10,4.59,208,95.41,20044
20,45,131,10,7.63,121,92.37,20045
20,46,169,6,3.55,163,96.45,20046
20,47,156,3,1.92,153,98.08,20047
20,48,75,1,1.33,74,98.67,20048
20,49,123,5,4.07,118,95.93,20049
20,50,104,3,2.88,101,97.12,20050
21,1,347,8,2.31,339,97.69,21001
21,2,234,11,4.7,223,95.3,21002
21,3,221,3,1.36,218,98.64,21003
21,4,249,4,1.61,245,98.39,21004
21,5,243,4,1.65,239,98.35,21005
21,6,230,6,2.61,224,97.39,21006
21,7,258,7,2.71,251,97.29,21007
21,8,264,7,2.65,257,97.35,21008
21,9,290,8,2.76,282,97.24,21009
21,10,197,6,3.05,191,96.95,21010
21,11,241,9,3.73,232,96.27,21011
21,12,252,6,2.38,246,97.62,21012
21,13,146,1,0.68,145,99.32,21013
21,14,219,4,1.83,215,98.17,21014
21,15,177,7,3.95,170,96.05,21015
21,16,231,14,6.06,217,93.94,21016
21,17,251,7,2.79,244,97.21,21017
21,18,225,8,3.56,217,96.44,21018
21,19,207,6,2.9,201,97.1,21019
21,20,161,3,1.86,158,98.14,21020
21,21,278,6,2.16,272,97.84,21021
21,22,216,2,0.93,214,99.07,21022
21,23,190,9,4.74,181,95.26,21023
21,24,274,4,1.46,270,98.54,21024
21,25,208,5,2.4,203,97.6,21025
21,26,192,6,3.13,186,96.88,21026
21,27,264,13,4.92,251,95.08,21027
21,28,184,5,2.72,179,97.28,21028
21,29,128,1,0.78,127,99.22,21029
21,30,174,7,4.02,167,95.98,21030
21,31,340,12,3.53,328,96.47,21031
21,32,216,6,2.78,210,97.22,21032
21,33,248,8,3.23,240,96.77,21033
21,34,289,4,1.38,285,98.62,21034
21,35,141,7,4.96,134,95.04,21035
21,36,173,11,6.36,162,93.64,21036
21,37,254,7,2.76,247,97.24,21037
21,38,240,3,1.25,237,98.75,21038
21,39,204,5,2.45,199,97.55,21039
21,40,223,3,1.35,220,98.65,21040
21,41,192,8,4.17,184,95.83,21041
21,42,253,11,4.35,242,95.65,21042
21,43,237,10,4.22,227,95.78,21043
21,44,258,10,3.88,248,96.12,21044
21,45,196,4,2.04,192,97.96,21045
21,46,200,2,1.0,198,99.0,21046
21,47,300,13,4.33,287,95.67,21047
21,48,253,6,2.37,247,97.63,21048
21,49,318,11,3.46,307,96.54,21049
21,50,228,6,2.63,222,97.37,21050
21,51,263,7,2.66,256,97.34,21051
21,52,234,4,1.71,230,98.29,21052
21,53,224,7,3.13,217,96.88,21053
21,54,218,6,2.75,212,97.25,21054
21,55,252,7,2.78,245,97.22,21055
21,56,207,7,3.38,200,96.62,21056
21,57,225,8,3.56,217,96.44,21057
21,58,199,6,3.02,193,96.98,21058
21,59,284,8,2.82,276,97.18,21059
21,60,242,9,3.72,233,96.28,21060
21,61,286,8,2.8,278,97.2,21061
21,62,240,11,4.58,229,95.42,21062
21,63,206,3,1.46,203,98.54,21063
21,64,139,5,3.6,134,96.4,21064
21,65,315,15,4.76,300,95.24,21065
21,66,204,3,1.47,201,98.53,21066
21,67,248,9,3.63,239,96.37,21067
21,68,257,5,1.95,252,98.05,21068
21,69,183,9,4.92,174,95.08,21069
21,70,190,6,3.16,184,96.84,21070
21,71,186,1,0.54,185,99.46,21071
21,72,233,8,3.43,225,96.57,21072
21,73,296,17,5.74,279,94.26,21073
21,74,85,4,4.71,81,95.29,21074
22,1,109,11,10.09,98,89.91,22001
22,2,92,22,23.91,70,76.09,22002
22,3,174,24,13.79,150,86.21,22003
22,4,131,17,12.98,114,87.02,22004
22,5,151,24,15.89,127,84.11,22005
22,6,105,9,8.57,96,91.43,22006
22,7,205,4,1.95,201,98.05,22007
22,8,107,16,14.95,91,85.05,22008
22,9,140,14,10.0,126,90.0,22009
22,10,147,23,15.65,124,84.35,22010
22,11,123,14,11.38,109,88.62,22011
22,12,118,19,16.1,99,83.9,22012
22,13,152,17,11.18,135,88.82,22013
22,14,101,10,9.9,91,90.1,22014
22,15,95,12,12.63,83,87.37,22015
22,16,150,22,14.67,128,85.33,22016
22,17,152,19,12.5,133,87.5,22017
22,18,136,14,10.29,122,89.71,22018
22,19,156,4,2.56,152,97.44,22019
22,20,134,14,10.45,120,89.55,22020
22,21,196,10,5.1,186,94.9,22021
22,22,114,15,13.16,99,86.84,22022
22,23,145,15,10.34,130,89.66,22023
22,24,94,5,5.32,89,94.68,22024
22,25,110,12,10.91,98,89.09,22025
22,26,116,13,11.21,103,88.79,22026
22,27,161,20,12.42,141,87.58,22027
22,28,83,9,10.84,74,89.16,22028
22,29,92,12,13.04,80,86.96,22029
23,1,236,98,41.53,138,58.47,23001
23,2,299,91,30.43,208,69.57,23002
23,3,231,105,45.45,126,54.55,23003
23,4,238,91,38.24,147,61.76,23004
23,5,191,35,18.32,156,81.68,23005
23,6,211,52,24.64,159,75.36,23006
23,7,214,79,36.92,135,63.08,23007
23,8,203,65,32.02,138,67.98,23008
23,9,238,48,20.17,190,79.83,23009
23,10,243,36,14.81,207,85.19,23010
23,11,263,100,38.02,163,61.98,23011
23,12,274,117,42.7,157,57.3,23012
23,13,284,117,41.2,167,58.8,23013
23,14,195,92,47.18,103,52.82,23014
23,15,262,106,40.46,156,59.54,23015
23,16,242,85,35.12,157,64.88,23016
23,17,296,115,38.85,181,61.15,23017
23,18,196,72,36.73,124,63.27,23018
23,19,209,79,37.8,130,62.2,23019
23,20,187,78,41.71,109,58.29,23020
23,21,273,8,2.93,265,97.07,23021
23,22,247,102,41.3,145,58.7,23022
23,23,209,81,38.76,128,61.24,23023
23,24,162,44,27.16,118,72.84,23024
23,25,175,34,19.43,141,80.57,23025
23,26,237,106,44.73,131,55.27,23026
23,27,225,86,38.22,139,61.78,23027
23,28,228,92,40.35,136,59.65,23028
23,29,169,34,20.12,135,79.88,23029
23,30,229,77,33.62,152,66.38,23030
23,31,212,42,19.81,170,80.19,23031
23,32,248,53,21.37,195,78.63,23032
23,33,228,58,25.44,170,74.56,23033
23,34,196,59,30.1,137,69.9,23034
23,35,166,2,1.2,164,98.8,23035
23,36,308,140,45.45,168,54.55,23036
23,37,154,6,3.9,148,96.1,23037
23,38,200,69,34.5,131,65.5,23038
23,39,197,80,40.61,117,59.39,23039
23,40,224,107,47.77,117,52.23,23040
23,41,220,66,30.0,154,70.0,23041
23,42,210,79,37.62,131,62.38,23042
23,43,284,112,39.44,172,60.56,23043
23,44,246,83,33.74,163,66.26,23044
23,45,273,88,32.23,185,67.77,23045
23,46,238,102,42.86,136,57.14,23046
23,47,272,107,39.34,165,60.66,23047
23,48,181,54,29.83,127,70.17,23048
23,49,287,101,35.19,186,64.81,23049
23,50,144,36,25.0,108,75.0,23050
23,51,190,52,27.37,138,72.63,23051
23,52,289,112,38.75,177,61.25,23052
23,53,141,36,25.53,105,74.47,23053
23,54,275,108,39.27,167,60.73,23054
24,1,243,6,2.47,237,97.53,24001
24,2,165,6,3.64,159,96.36,24002
24,3,167,7,4.19,160,95.81,24003
24,4,197,2,1.02,195,98.98,24004
24,5,175,4,2.29,171,97.71,24005
24,6,234,4,1.71,230,98.29,24006
24,7,151,7,4.64,144,95.36,24007
24,8,172,6,3.49,166,96.51,24008
24,9,177,10,5.65,167,94.35,24009
24,10,142,1,0.7,141,99.3,24010
24,11,120,3,2.5,117,97.5,24011
24,12,176,5,2.84,171,97.16,24012
24,13,169,9,5.33,160,94.67,24013
24,14,233,6,2.58,227,97.42,24014
24,15,148,3,2.03,145,97.97,24015
24,16,130,5,3.85,125,96.15,24016
24,17,156,1,0.64,155,99.36,24017
24,18,123,3,2.44,120,97.56,24018
24,19,119,2,1.68,117,98.32,24019
24,20,143,3,2.1,140,97.9,24020
24,21,122,6,4.92,116,95.08,24021
24,22,186,5,2.69,181,97.31,24022
24,23,124,3,2.42,121,97.58,24023
24,24,139,7,5.04,132,94.96,24024
24,25,218,9,4.13,209,95.87,24025
24,26,218,6,2.75,212,97.25,24026
24,27,91,5,5.49,86,94.51,24027
24,28,213,4,1.88,209,98.12,24028
24,29,224,8,3.57,216,96.43,24029
24,30,201,4,1.99,197,98.01,24030
24,31,182,10,5.49,172,94.51,24031
24,32,162,1,0.62,161,99.38,24032
24,33,142,3,2.11,139,97.89,24033
24,34,179,6,3.35,173,96.65,24034
24,35,248,4,1.61,244,98.39,24035
24,36,173,5,2.89,168,97.11,24036
24,37,187,4,2.14,183,97.86,24037
24,38,215,15,6.98,200,93.02,24038
24,39,171,2,1.17,169,98.83,24039
24,40,227,8,3.52,219,96.48,24040
24,41,159,9,5.66,150,94.34,24041
24,42,118,2,1.69,116,98.31,24042
24,43,236,13,5.51,223,94.49,24043
24,44,213,14,6.57,199,93.43,24044
24,45,148,6,4.05,142,95.95,24045
24,46,210,4,1.9,206,98.1,24046
24,47,153,0,0.0,153,100.0,24047
24,48,109,3,2.75,106,97.25,24048
24,49,332,10,3.01,322,96.99,24049
24,50,314,4,1.27,310,98.73,24050
24,51,265,9,3.4,256,96.6,24051
24,52,152,5,3.29,147,96.71,24052
24,53,153,14,9.15,139,90.85,24053
24,54,200,9,4.5,191,95.5,24054
24,55,177,3,1.69,174,98.31,24055
24,56,206,4,1.94,202,98.06,24056
25,1,199,33,16.58,166,83.42,25001
25,2,263,27,10.27,236,89.73,25002
25,3,278,51,18.35,227,81.65,25003
25,4,223,63,28.25,160,71.75,25004
25,5,179,45,25.14,134,74.86,25005
25,6,148,21,14.19,127,85.81,25006
25,7,189,30,15.87,159,84.13,25007
25,8,193,21,10.88,172,89.12,25008
25,9,267,38,14.23,229,85.77,25009
25,10,134,11,8.21,123,91.79,25010
25,11,230,27,11.74,203,88.26,25011
25,12,193,34,17.62,159,82.38,25012
25,13,185,24,12.97,161,87.03,25013
25,14,102,35,34.31,67,65.69,25014
25,15,182,38,20.88,144,79.12,25015
25,16,115,28,24.35,87,75.65,25016
25,17,297,41,13.8,256,86.2,25017
25,18,181,45,24.86,136,75.14,25018
25,19,210,20,9.52,190,90.48,25019
25,20,217,28,12.9,189,87.1,25020
25,21,160,55,34.38,105,65.63,25021
25,22,104,22,21.15,82,78.85,25022
25,23,237,32,13.5,205,86.5,25023
25,24,237,31,13.08,206,86.92,25024
25,25,214,63,29.44,151,70.56,25025
25,26,156,39,25.0,117,75.0,25026
25,27,196,58,29.59,138,70.41,25027
25,28,273,77,28.21,196,71.79,25028
25,29,546,147,26.92,399,73.08,25029
25,30,193,16,8.29,177,91.71,25030
25,31,129,21,16.28,108,83.72,25031
26,1,128,28,21.88,100,78.13,26001
26,2,137,13,9.49,124,90.51,26002
26,3,143,13,9.09,130,90.91,26003
26,4,113,14,12.39,99,87.61,26004
26,5,182,17,9.34,165,90.66,26005
26,6,85,8,9.41,77,90.59,26006
26,7,116,31,26.72,85,73.28,26007
26,8,127,21,16.54,106,83.46,26008
26,9,74,12,16.22,62,83.78,26009
26,10,107,12,11.21,95,88.79,26010
26,11,132,26,19.7,106,80.3,26011
26,12,81,9,11.11,72,88.89,26012
26,13,143,31,21.68,112,78.32,26013
26,14,79,11,13.92,68,86.08,26014
26,15,109,18,16.51,91,83.49,26015
26,16,75,4,5.33,71,94.67,26016
26,17,101,38,37.62,63,62.38,26017
26,18,82,12,14.63,70,85.37,26018
26,19,220,40,18.18,180,81.82,26019
26,20,148,21,14.19,127,85.81,26020
26,21,132,11,8.33,121,91.67,26021
26,22,110,18,16.36,92,83.64,26022
26,23,87,13,14.94,74,85.06,26023
26,24,122,20,16.39,102,83.61,26024
26,25,41,6,14.63,35,85.37,26025
26,26,84,16,19.05,68,80.95,26026
26,27,128,15,11.72,113,88.28,26027
26,28,104,15,14.42,89,85.58,26028
26,29,103,14,13.59,89,86.41,26029
26,30,114,15,13.16,99,86.84,26030
26,31,100,13,13.0,87,87.0,26031
26,32,150,33,22.0,117,78.0,26032
26,33,77,29,37.66,48,62.34,26033
26,34,155,13,8.39,142,91.61,26034
26,35,168,47,27.98,121,72.02,26035
26,36,103,11,10.68,92,89.32,26036
26,37,67,9,13.43,58,86.57,26037
26,38,125,19,15.2,106,84.8,26038
26,39,112,7,6.25,105,93.75,26039
26,40,73,6,8.22,67,91.78,26040
26,41,111,9,8.11,102,91.89,26041
26,42,119,12,10.08,107,89.92,26042
26,43,96,10,10.42,86,89.58,26043
26,44,73,4,5.48,69,94.52,26044
26,45,157,14,8.92,143,91.08,26045
26,46,222,61,27.48,161,72.52,26046
26,47,73,10,13.7,63,86.3,26047
26,48,139,13,9.35,126,90.65,26048
26,49,89,9,10.11,80,89.89,26049
26,50,82,14,17.07,68,82.93,26050
26,51,118,23,19.49,95,80.51,26051
26,52,47,4,8.51,43,91.49,26052
26,53,87,12,13.79,75,86.21,26053
26,54,92,18,19.57,74,80.43,26054
26,55,80,13,16.25,67,83.75,26055
26,56,101,9,8.91,92,91.09,26056
26,57,105,14,13.33,91,86.67,26057
26,58,75,5,6.67,70,93.33,26058
26,59,125,16,12.8,109,87.2,26059
26,60,108,13,12.04,95,87.96,26060
26,61,68,6,8.82,62,91.18,26061
26,62,163,21,12.88,142,87.12,26062
26,63,40,6,15.0,34,85.0,26063
27,1,443,180,40.63,263,59.37,27001
27,2,136,3,2.21,133,97.79,27002
27,3,153,5,3.27,148,96.73,27003
27,4,118,8,6.78,110,93.22,27004
27,5,128,49,38.28,79,61.72,27005
27,6,42,4,9.52,38,90.48,27006
27,7,312,113,36.22,199,63.78,27007
27,8,181,5,2.76,176,97.24,27008
27,9,233,33,14.16,200,85.84,27009
27,10,273,13,4.76,260,95.24,27010
27,11,236,75,31.78,161,68.22,27011
27,12,311,110,35.37,201,64.63,27012
27,13,205,47,22.93,158,77.07,27013
27,14,236,8,3.39,228,96.61,27014
27,15,103,8,7.77,95,92.23,27015
27,16,94,34,36.17,60,63.83,27016
27,17,293,106,36.18,187,63.82,27017
27,18,210,85,40.48,125,59.52,27018
27,19,184,15,8.15,169,91.85,27019
27,20,274,2,0.73,272,99.27,27020
27,21,142,13,9.15,129,90.85,27021
27,22,162,6,3.7,156,96.3,27022
27,23,32,2,6.25,30,93.75,27023
27,24,154,9,5.84,145,94.16,27024
27,25,106,3,2.83,103,97.17,27025
27,26,152,5,3.29,147,96.71,27026
27,27,230,18,7.83,212,92.17,27027
27,28,240,71,29.58,169,70.42,27028
27,29,149,4,2.68,145,97.32,27029
27,30,115,5,4.35,110,95.65,27030
27,31,130,2,1.54,128,98.46,27031
27,32,177,24,13.56,153,86.44,27032
27,33,177,18,10.17,159,89.83,27033
27,34,205,1,0.49,204,99.51,27034
27,35,192,41,21.35,151,78.65,27035
27,36,198,17,8.59,181,91.41,27036
27,37,228,30,13.16,198,86.84,27037
27,38,155,31,20.0,124,80.0,27038
27,39,90,11,12.22,79,87.78,27039
27,40,138,2,1.45,136,98.55,27040
27,41,238,56,23.53,182,76.47,27041
27,42,206,77,37.38,129,62.62,27042
27,43,59,1,1.69,58,98.31,27043
27,44,129,3,2.33,126,97.67,27044
27,45,142,2,1.41,140,98.59,27045
27,46,157,8,5.1,149,94.9,27046
27,47,147,6,4.08,141,95.92,27047
27,48,225,4,1.78,221,98.22,27048
27,49,178,7,3.93,171,96.07,27049
27,50,276,96,34.78,180,65.22,27050
27,51,33,3,9.09,30,90.91,27051
27,52,158,6,3.8,152,96.2,27052
27,53,157,30,19.11,127,80.89,27053
27,54,321,110,34.27,211,65.73,27054
27,55,158,5,3.16,153,96.84,27055
27,56,175,41,23.43,134,76.57,27056
27,57,159,53,33.33,106,66.67,27057
27,58,125,53,42.4,72,57.6,27058
27,59,217,32,14.75,185,85.25,27059
28,1,177,2,1.13,175,98.87,28001
28,2,209,7,3.35,202,96.65,28002
28,3,140,4,2.86,136,97.14,28003
28,4,181,4,2.21,177,97.79,28004
28,5,164,19,11.59,145,88.41,28005
28,6,119,7,5.88,112,94.12,28006
28,7,141,3,2.13,138,97.87,28007
28,8,160,7,4.38,153,95.63,28008
28,9,133,0,0.0,133,100.0,28009
28,10,54,1,1.85,53,98.15,28010
28,11,139,2,1.44,137,98.56,28011
28,12,113,4,3.54,109,96.46,28012
28,13,111,4,3.6,107,96.4,28013
28,14,100,1,1.0,99,99.0,28014
28,15,147,4,2.72,143,97.28,28015
28,16,144,4,2.78,140,97.22,28016
28,17,139,5,3.6,134,96.4,28017
28,18,204,3,1.47,201,98.53,28018
28,19,205,8,3.9,197,96.1,28019
28,20,187,2,1.07,185,98.93,28020
28,21,222,7,3.15,215,96.85,28021
28,22,159,1,0.63,158,99.37,28022
28,23,148,4,2.7,144,97.3,28023
28,24,126,5,3.97,121,96.03,28024
28,25,117,3,2.56,114,97.44,28025
28,26,147,5,3.4,142,96.6,28026
28,27,192,7,3.65,185,96.35,28027
28,28,108,2,1.85,106,98.15,28028
28,29,152,22,14.47,130,85.53,28029
28,30,141,2,1.42,139,98.58,28030
28,31,137,2,1.46,135,98.54,28031
28,32,180,8,4.44,172,95.56,28032
28,33,190,4,2.11,186,97.89,28033
28,34,42,8,19.05,34,80.95,28034
28,35,148,4,2.7,144,97.3,28035
28,36,136,3,2.21,133,97.79,28036
28,37,249,11,4.42,238,95.58,28037
28,38,77,8,10.39,69,89.61,28038
28,39,189,8,4.23,181,95.77,28039
28,40,227,7,3.08,220,96.92,28040
28,41,150,5,3.33,145,96.67,28041
28,42,122,6,4.92,116,95.08,28042
28,43,236,7,2.97,229,97.03,28043
28,44,208,9,4.33,199,95.67,28044
28,45,169,4,2.37,165,97.63,28045
28,46,144,2,1.39,142,98.61,28046
28,47,183,17,9.29,166,90.71,28047
28,48,103,9,8.74,94,91.26,28048
28,49,69,1,1.45,68,98.55,28049
28,50,108,7,6.48,101,93.52,28050
28,51,138,4,2.9,134,97.1,28051
28,52,148,11,7.43,137,92.57,28052
28,53,88,11,12.5,77,87.5,28053
28,54,125,5,4.0,120,96.0,28054
28,55,152,3,1.97,149,98.03,28055
28,56,143,4,2.8,139,97.2,28056
28,57,148,6,4.05,142,95.95,28057
28,58,181,7,3.87,174,96.13,28058
28,59,145,4,2.76,141,97.24,28059
28,60,114,3,2.63,111,97.37,28060
28,61,120,20,16.67,100,83.33,28061
29,1,330,7,2.12,323,97.88,29001
29,2,142,30,21.13,112,78.87,29002
29,3,298,9,3.02,289,96.98,29003
29,4,238,7,2.94,231,97.06,29004
29,5,207,11,5.31,196,94.69,29005
29,6,95,19,20.0,76,80.0,29006
29,7,113,19,16.81,94,83.19,29007
29,8,156,5,3.21,151,96.79,29008
29,9,136,43,31.62,93,68.38,29009
29,10,109,21,19.27,88,80.73,29010
29,11,248,11,4.44,237,95.56,29011
29,12,277,13,4.69,264,95.31,29012
29,13,262,4,1.53,258,98.47,29013
29,14,249,11,4.42,238,95.58,29014
29,15,283,8,2.83,275,97.17,29015
29,16,354,7,1.98,347,98.02,29016
29,17,220,5,2.27,215,97.73,29017
29,18,269,9,3.35,260,96.65,29018
29,19,312,13,4.17,299,95.83,29019
29,20,268,16,5.97,252,94.03,29020
29,21,210,10,4.76,200,95.24,29021
29,22,186,21,11.29,165,88.71,29022
29,23,214,2,0.93,212,99.07,29023
29,24,152,18,11.84,134,88.16,29024
29,25,276,5,1.81,271,98.19,29025
29,26,213,7,3.29,206,96.71,29026
29,27,202,5,2.48,197,97.52,29027
29,28,282,10,3.55,272,96.45,29028
29,29,300,17,5.67,283,94.33,29029
29,30,113,27,23.89,86,76.11,29030
29,31,217,2,0.92,215,99.08,29031
29,32,167,45,26.95,122,73.05,29032
29,33,196,6,3.06,190,96.94,29033
29,34,156,21,13.46,135,86.54,29034
29,35,190,5,2.63,185,97.37,29035
29,36,307,14,4.56,293,95.44,29036
29,37,223,9,4.04,214,95.96,29037
29,38,209,6,2.87,203,97.13,29038
29,39,158,21,13.29,137,86.71,29039
29,40,335,10,2.99,325,97.01,29040
29,41,286,3,1.05,283,98.95,29041
29,42,264,7,2.65,257,97.35,29042
29,43,279,13,4.66,266,95.34,29043
29,44,229,8,3.49,221,96.51,29044
29,45,201,5,2.49,196,97.51,29045
29,46,228,8,3.51,220,96.49,29046
29,47,311,18,5.79,293,94.21,29047
29,48,239,11,4.6,228,95.4,29048
29,49,314,6,1.91,308,98.09,29049
30,1,192,56,29.17,136,70.83,30001
30,2,120,29,24.17,91,75.83,30002
30,3,203,45,22.17,158,77.83,30003
30,4,148,20,13.51,128,86.49,30004
30,5,85,12,14.12,73,85.88,30005
30,6,110,23,20.91,87,79.09,30006
30,7,136,32,23.53,104,76.47,30007
30,8,179,46,25.7,133,74.3,30008
30,9,140,38,27.14,102,72.86,30009
30,10,136,38,27.94,98,72.06,30010
30,11,97,29,29.9,68,70.1,30011
30,12,104,29,27.88,75,72.12,30012
30,13,157,49,31.21,108,68.79,30013
30,14,52,12,23.08,40,76.92,30014
30,15,199,70,35.18,129,64.82,30015
30,16,170,44,25.88,126,74.12,30016
30,17,92,22,23.91,70,76.09,30017
30,18,96,23,23.96,73,76.04,30018
30,19,91,15,16.48,76,83.52,30019
30,20,110,11,10.0,99,90.0,30020
30,21,140,26,18.57,114,81.43,30021
30,22,136,22,16.18,114,83.82,30022
30,23,127,15,11.81,112,88.19,30023
30,24,119,22,18.49,97,81.51,30024
30,25,86,25,29.07,61,70.93,30025
30,26,97,9,9.28,88,90.72,30026
30,27,203,20,9.85,183,90.15,30027
30,28,135,50,37.04,85,62.96,30028
30,29,88,12,13.64,76,86.36,30029
30,30,192,59,30.73,133,69.27,30030
30,31,98,11,11.22,87,88.78,30031
30,32,57,13,22.81,44,77.19,30032
30,33,111,15,13.51,96,86.49,30033
30,34,150,40,26.67,110,73.33,30034
30,35,155,31,20.0,124,80.0,30035
30,36,145,30,20.69,115,79.31,30036
30,37,114,40,35.09,74,64.91,30037
30,38,202,42,20.79,160,79.21,30038
30,39,166,40,24.1,126,75.9,30039
30,40,139,30,21.58,109,78.42,30040
30,41,136,20,14.71,116,85.29,30041
31,1,62,14,22.58,48,77.42,31001
31,2,87,20,22.99,67,77.01,31002
31,3,106,31,29.25,75,70.75,31003
31,4,118,28,23.73,90,76.27,31004
31,5,148,44,29.73,104,70.27,31005
31,6,119,34,28.57,85,71.43,31006
31,7,116,19,16.38,97,83.62,31007
31,8,100,26,26.0,74,74.0,31008
31,9,105,17,16.19,88,83.81,31009
31,10,58,6,10.34,52,89.66,31010
31,11,111,22,19.82,89,80.18,31011
31,12,135,18,13.33,117,86.67,31012
31,13,111,25,22.52,86,77.48,31013
31,14,91,23,25.27,68,74.73,31014
31,15,66,25,37.88,41,62.12,31015
31,16,109,19,17.43,90,82.57,31016
31,17,89,16,17.98,73,82.02,31017
31,18,102,18,17.65,84,82.35,31018
31,19,93,16,17.2,77,82.8,31019
31,20,96,20,20.83,76,79.17,31020
31,21,114,16,14.04,98,85.96,31021
31,22,90,24,26.67,66,73.33,31022
31,23,78,19,24.36,59,75.64,31023
31,24,116,16,13.79,100,86.21,31024
31,25,116,17,14.66,99,85.34,31025
31,26,91,15,16.48,76,83.52,31026
31,27,86,3,3.49,83,96.51,31027
31,28,116,18,15.52,98,84.48,31028
31,29,113,23,20.35,90,79.65,31029
31,30,134,30,22.39,104,77.61,31030
31,31,169,35,20.71,134,79.29,31031
31,32,135,25,18.52,110,81.48,31032
31,33,132,28,21.21,104,78.79,31033
31,34,85,12,14.12,73,85.88,31034
31,35,79,13,16.46,66,83.54,31035
31,36,143,24,16.78,119,83.22,31036
31,37,105,17,16.19,88,83.81,31037
31,38,79,15,18.99,64,81.01,31038
31,39,72,6,8.33,66,91.67,31039
31,40,77,19,24.68,58,75.32,31040
31,41,114,24,21.05,90,78.95,31041
31,42,150,22,14.67,128,85.33,31042
31,43,147,41,27.89,106,72.11,31043
31,44,108,15,13.89,93,86.11,31044
31,45,112,32,28.57,80,71.43,31045
31,46,100,14,14.0,86,86.0,31046
31,47,123,29,23.58,94,76.42,31047
31,48,94,25,26.6,69,73.4,31048
31,49,61,8,13.11,53,86.89,31049
31,50,127,38,29.92,89,70.08,31050
31,51,75,5,6.67,70,93.33,31051
32,1,270,68,25.19,202,74.81,32001
32,2,288,62,21.53,226,78.47,32002
32,3,220,37,16.82,183,83.18,32003
32,4,306,86,28.1,220,71.9,32004
32,5,203,58,28.57,145,71.43,32005
32,6,226,68,30.09,158,69.91,32006
32,7,219,88,40.18,131,59.82,32007
32,8,384,149,38.8,235,61.2,32008
32,9,404,121,29.95,283,70.05,32009
32,10,271,100,36.9,171,63.1,32010
32,11,210,46,21.9,164,78.1,32011
32,12,177,37,20.9,140,79.1,32012
32,13,148,72,48.65,76,51.35,32013
32,14,212,52,24.53,160,75.47,32014
32,15,183,67,36.61,116,63.39,32015
32,16,230,51,22.17,179,77.83,32016
32,17,289,62,21.45,227,78.55,32017
32,18,235,93,39.57,142,60.43,32018
32,19,237,71,29.96,166,70.04,32019
32,20,246,97,39.43,149,60.57,32020
32,21,206,63,30.58,143,69.42,32021
32,22,306,101,33.01,205,66.99,32022
32,23,270,87,32.22,183,67.78,32023
32,24,350,178,50.86,172,49.14,32024
32,25,223,69,30.94,154,69.06,32025
32,26,212,50,23.58,162,76.42,32026
32,27,266,99,37.22,167,62.78,32027
32,28,214,61,28.5,153,71.5,32028
32,29,208,39,18.75,169,81.25,32029
32,30,307,136,44.3,171,55.7,32030
32,31,328,98,29.88,230,70.12,32031
32,32,276,121,43.84,155,56.16,32032
32,33,168,51,30.36,117,69.64,32033
32,34,307,95,30.94,212,69.06,32034
32,35,283,82,28.98,201,71.02,32035
32,36,311,92,29.58,219,70.42,32036
32,37,213,61,28.64,152,71.36,32037
32,38,281,84,29.89,197,70.11,32038
32,39,323,125,38.7,198,61.3,32039
32,40,273,76,27.84,197,72.16,32040
32,41,331,141,42.6,190,57.4,32041
32,42,308,108,35.06,200,64.94,32042
32,43,301,129,42.86,172,57.14,32043
32,44,175,52,29.71,123,70.29,32044
32,45,254,94,37.01,160,62.99,32045
32,46,117,39,33.33,78,66.67,32046
32,47,294,129,43.88,165,56.12,32047
32,48,353,140,39.66,213,60.34,32048
32,49,177,61,34.46,116,65.54,32049
32,50,328,126,38.41,202,61.59,32050
32,51,350,152,43.43,198,56.57,32051
32,52,167,59,35.33,108,64.67,32052
33,1,308,51,16.56,257,83.44,33001
33,2,326,89,27.3,237,72.7,33002
33,3,274,36,13.14,238,86.86,33003
33,4,306,71,23.2,235,76.8,33004
33,5,266,44,16.54,222,83.46,33005
33,6,271,58,21.4,213,78.6,33006
33,7,382,87,22.77,295,77.23,33007
33,8,289,58,20.07,231,79.93,33008
33,9,301,67,22.26,234,77.74,33009
33,10,278,65,23.38,213,76.62,33010
33,11,314,68,21.66,246,78.34,33011
33,12,269,49,18.22,220,81.78,33012
33,13,287,58,20.21,229,79.79,33013
33,14,256,45,17.58,211,82.42,33014
33,15,291,58,19.93,233,80.07,33015
33,16,244,52,21.31,192,78.69,33016
33,17,316,74,23.42,242,76.58,33017
33,18,97,24,24.74,73,75.26,33018
33,19,310,57,18.39,253,81.61,33019
33,20,295,49,16.61,246,83.39,33020
33,21,349,58,16.62,291,83.38,33021
33,22,333,48,14.41,285,85.59,33022
33,23,326,72,22.09,254,77.91,33023
33,24,360,78,21.67,282,78.33,33024
33,25,358,77,21.51,281,78.49,33025
33,26,330,68,20.61,262,79.39,33026
33,27,295,45,15.25,250,84.75,33027
34,1,390,6,1.54,384,98.46,34001
34,2,232,6,2.59,226,97.41,34002
34,3,298,6,2.01,292,97.99,34003
34,4,326,8,2.45,318,97.55,34004
34,5,256,4,1.56,252,98.44,34005
34,6,180,9,5.0,171,95.0,34006
34,7,342,9,2.63,333,97.37,34007
34,8,315,8,2.54,307,97.46,34008
34,9,210,9,4.29,201,95.71,34009
34,10,267,2,0.75,265,99.25,34010
34,11,209,7,3.35,202,96.65,34011
34,12,317,7,2.21,310,97.79,34012
34,13,334,10,2.99,324,97.01,34013
34,14,206,9,4.37,197,95.63,34014
34,15,240,11,4.58,229,95.42,34015
34,16,197,6,3.05,191,96.95,34016
34,17,260,14,5.38,246,94.62,34017
34,18,180,6,3.33,174,96.67,34018
34,19,51,2,3.92,49,96.08,34019
34,20,395,13,3.29,382,96.71,34020
34,21,280,8,2.86,272,97.14,34021
34,22,306,14,4.58,292,95.42,34022
34,23,257,8,3.11,249,96.89,34023
34,24,225,7,3.11,218,96.89,34024
34,25,310,8,2.58,302,97.42,34025
34,26,170,8,4.71,162,95.29,34026
34,27,224,14,6.25,210,93.75,34027
34,28,167,4,2.4,163,97.6,34028
34,29,287,9,3.14,278,96.86,34029
34,30,312,11,3.53,301,96.47,34030
34,31,166,5,3.01,161,96.99,34031
34,32,175,6,3.43,169,96.57,34032
34,33,158,3,1.9,155,98.1,34033
34,34,318,13,4.09,305,95.91,34034
34,35,302,12,3.97,290,96.03,34035
34,36,285,12,4.21,273,95.79,34036
34,37,277,6,2.17,271,97.83,34037
34,38,231,4,1.73,227,98.27,34038
34,39,218,7,3.21,211,96.79,34039
34,40,299,7,2.34,292,97.66,34040
34,41,179,6,3.35,173,96.65,34041
34,42,326,8,2.45,318,97.55,34042
34,43,391,12,3.07,379,96.93,34043
34,44,310,7,2.26,303,97.74,34044
34,45,275,12,4.36,263,95.64,34045
34,46,252,5,1.98,247,98.02,34046
34,47,175,3,1.71,172,98.29,34047
34,48,355,11,3.1,344,96.9,34048
34,49,377,7,1.86,370,98.14,34049
34,50,276,8,2.9,268,97.1,34050
34,51,437,11,2.52,426,97.48,34051
34,52,239,4,1.67,235,98.33,34052
34,53,174,6,3.45,168,96.55,34053
34,54,224,7,3.13,217,96.88,34054
34,55,323,12,3.72,311,96.28,34055
34,56,144,3,2.08,141,97.92,34056
34,57,277,3,1.08,274,98.92,34057
34,58,293,20,6.83,273,93.17,34058
34,59,293,5,1.71,288,98.29,34059
34,60,316,9,2.85,307,97.15,34060
34,61,236,15,6.36,221,93.64,34061
35,1,241,52,21.58,189,78.42,35001
35,2,202,28,13.86,174,86.14,35002
35,3,173,39,22.54,134,77.46,35003
35,4,246,60,24.39,186,75.61,35004
35,5,220,39,17.73,181,82.27,35005
35,6,227,61,26.87,166,73.13,35006
35,7,272,56,20.59,216,79.41,35007
35,8,200,32,16.0,168,84.0,35008
35,9,235,46,19.57,189,80.43,35009
35,10,233,33,14.16,200,85.84,35010
35,11,201,44,21.89,157,78.11,35011
35,12,281,58,20.64,223,79.36,35012
35,13,55,14,25.45,41,74.55,35013
35,14,252,41,16.27,211,83.73,35014
35,15,212,37,17.45,175,82.55,35015
35,16,245,42,17.14,203,82.86,35016
35,17,233,53,22.75,180,77.25,35017
35,18,267,44,16.48,223,83.52,35018
35,19,231,32,13.85,199,86.15,35019
35,20,197,35,17.77,162,82.23,35020
35,21,207,36,17.39,171,82.61,35021
35,22,85,16,18.82,69,81.18,35022
35,23,124,16,12.9,108,87.1,35023
35,24,107,23,21.5,84,78.5,35024
35,25,259,49,18.92,210,81.08,35025
35,26,290,69,23.79,221,76.21,35026
35,27,296,61,20.61,235,79.39,35027
35,28,269,38,14.13,231,85.87,35028
35,29,300,66,22.0,234,78.0,35029
35,30,319,54,16.93,265,83.07,35030
35,31,139,32,23.02,107,76.98,35031
35,32,124,15,12.1,109,87.9,35032
35,33,212,45,21.23,167,78.77,35033
35,34,269,54,20.07,215,79.93,35034
35,35,190,32,16.84,158,83.16,35035
35,36,157,35,22.29,122,77.71,35036
36,1,162,44,27.16,118,72.84,36001
36,2,179,42,23.46,137,76.54,36002
36,3,346,52,15.03,294,84.97,36003
36,4,135,22,16.3,113,83.7,36004
36,5,161,78,48.45,83,51.55,36005
36,6,178,61,34.27,117,65.73,36006
36,7,151,76,50.33,75,49.67,36007
36,8,201,87,43.28,114,56.72,36008
36,9,190,78,41.05,112,58.95,36009
36,10,143,56,39.16,87,60.84,36010
36,11,261,118,45.21,143,54.79,36011
36,12,139,58,41.73,81,58.27,36012
36,13,269,96,35.69,173,64.31,36013
36,14,189,56,29.63,133,70.37,36014
36,15,176,56,31.82,120,68.18,36015
36,16,343,80,23.32,263,76.68,36016
36,17,184,91,49.46,93,50.54,36017
36,18,241,129,53.53,112,46.47,36018
36,19,214,68,31.78,146,68.22,36019
36,20,271,92,33.95,179,66.05,36020
36,21,352,154,43.75,198,56.25,36021
36,22,318,106,33.33,212,66.67,36022
36,23,117,15,12.82,102,87.18,36023
36,24,264,24,9.09,240,90.91,36024
36,25,150,58,38.67,92,61.33,36025
36,26,221,93,42.08,128,57.92,36026
36,27,118,47,39.83,71,60.17,36027
36,28,160,62,38.75,98,61.25,36028
36,29,175,69,39.43,106,60.57,36029
36,30,259,118,45.56,141,54.44,36030
36,31,213,79,37.09,134,62.91,36031
36,32,194,81,41.75,113,58.25,36032
36,33,178,45,25.28,133,74.72,36033
36,34,161,79,49.07,82,50.93,36034
36,35,205,78,38.05,127,61.95,36035
36,36,193,59,30.57,134,69.43,36036
36,37,172,59,34.3,113,65.7,36037
36,38,124,47,37.9,77,62.1,36038
36,39,186,92,49.46,94,50.54,36039
36,40,223,103,46.19,120,53.81,36040
36,41,174,62,35.63,112,64.37,36041
36,42,190,76,40.0,114,60.0,36042
36,43,172,52,30.23,120,69.77,36043
36,44,271,56,20.66,215,79.34,36044
36,45,212,43,20.28,169,79.72,36045
36,46,162,67,41.36,95,58.64,36046
36,47,124,39,31.45,85,68.55,36047
36,48,160,72,45.0,88,55.0,36048
36,49,272,127,46.69,145,53.31,36049
36,50,174,62,35.63,112,64.37,36050
36,51,206,60,29.13,146,70.87,36051
36,52,196,59,30.1,137,69.9,36052
36,53,139,50,35.97,89,64.03,36053
36,54,303,42,13.86,261,86.14,36054
36,55,308,82,26.62,226,73.38,36055
37,1,136,24,17.65,112,82.35,37001
37,2,199,12,6.03,187,93.97,37002
37,3,155,10,6.45,145,93.55,37003
37,4,270,11,4.07,259,95.93,37004
37,5,275,9,3.27,266,96.73,37005
37,6,276,5,1.81,271,98.19,37006
37,7,277,7,2.53,270,97.47,37007
37,8,211,8,3.79,203,96.21,37008
37,9,237,6,2.53,231,97.47,37009
37,10,229,9,3.93,220,96.07,37010
37,11,84,20,23.81,64,76.19,37011
37,12,168,10,5.95,158,94.05,37012
37,13,208,11,5.29,197,94.71,37013
37,14,258,8,3.1,250,96.9,37014
37,15,226,8,3.54,218,96.46,37015
37,16,264,7,2.65,257,97.35,37016
37,17,226,6,2.65,220,97.35,37017
37,18,273,9,3.3,264,96.7,37018
37,19,131,22,16.79,109,83.21,37019
37,20,216,8,3.7,208,96.3,37020
37,21,231,3,1.3,228,98.7,37021
37,22,139,11,7.91,128,92.09,37022
37,23,151,3,1.99,148,98.01,37023
37,24,221,10,4.52,211,95.48,37024
37,25,264,6,2.27,258,97.73,37025
37,26,271,7,2.58,264,97.42,37026
37,27,226,4,1.77,222,98.23,37027
37,28,212,11,5.19,201,94.81,37028
37,29,261,6,2.3,255,97.7,37029
37,30,138,8,5.8,130,94.2,37030
37,31,221,6,2.71,215,97.29,37031
37,32,230,10,4.35,220,95.65,37032
37,33,188,5,2.66,183,97.34,37033
37,34,242,11,4.55,231,95.45,37034
37,35,234,8,3.42,226,96.58,37035
37,36,196,7,3.57,189,96.43,37036
37,37,216,7,3.24,209,96.76,37037
37,38,253,8,3.16,245,96.84,37038
37,39,178,45,25.28,133,74.72,37039
37,40,204,6,2.94,198,97.06,37040
37,41,268,7,2.61,261,97.39,37041
37,42,134,12,8.96,122,91.04,37042
37,43,185,13,7.03,172,92.97,37043
38,1,215,80,37.21,135,62.79,38001
38,2,149,43,28.86,106,71.14,38002
38,3,148,69,46.62,79,53.38,38003
38,4,109,41,37.61,68,62.39,38004
38,5,362,107,29.56,255,70.44,38005
38,6,155,57,36.77,98,63.23,38006
38,7,233,81,34.76,152,65.24,38007
38,8,145,63,43.45,82,56.55,38008
38,9,217,76,35.02,141,64.98,38009
38,10,273,68,24.91,205,75.09,38010
38,11,140,61,43.57,79,56.43,38011
38,12,185,75,40.54,110,59.46,38012
38,13,175,69,39.43,106,60.57,38013
38,14,154,53,34.42,101,65.58,38014
38,15,121,36,29.75,85,70.25,38015
38,16,211,65,30.81,146,69.19,38016
38,17,151,39,25.83,112,74.17,38017
38,18,186,72,38.71,114,61.29,38018
38,19,225,94,41.78,131,58.22,38019
38,20,285,92,32.28,193,67.72,38020
38,21,185,87,47.03,98,52.97,38021
38,22,200,74,37.0,126,63.0,38022
38,23,142,48,33.8,94,66.2,38023
38,24,134,30,22.39,104,77.61,38024
38,25,167,43,25.75,124,74.25,38025
38,26,129,52,40.31,77,59.69,38026
38,27,119,51,42.86,68,57.14,38027
38,28,140,43,30.71,97,69.29,38028
38,29,150,49,32.67,101,67.33,38029
38,30,173,56,32.37,117,67.63,38030
38,31,209,46,22.01,163,77.99,38031
38,32,213,82,38.5,131,61.5,38032
38,33,159,42,26.42,117,73.58,38033
38,34,124,26,20.97,98,79.03,38034
38,35,228,81,35.53,147,64.47,38035
38,36,177,58,32.77,119,67.23,38036
38,37,175,51,29.14,124,70.86,38037
38,38,222,102,45.95,120,54.05,38038
38,39,183,66,36.07,117,63.93,38039
38,40,160,53,33.13,107,66.88,38040
38,41,273,82,30.04,191,69.96,38041
38,42,225,75,33.33,150,66.67,38042
38,43,196,76,38.78,120,61.22,38043
38,44,211,67,31.75,144,68.25,38044
38,45,227,91,40.09,136,59.91,38045
38,46,160,53,33.13,107,66.88,38046
38,47,179,76,42.46,103,57.54,38047
38,48,181,54,29.83,127,70.17,38048
38,49,187,80,42.78,107,57.22,38049
38,50,192,76,39.58,116,60.42,38050
38,51,151,52,34.44,99,65.56,38051
38,52,192,57,29.69,135,70.31,38052
38,53,41,8,19.51,33,80.49,38053
39,1,234,106,45.3,128,54.7,39001
39,2,292,122,41.78,170,58.22,39002
39,3,236,97,41.1,139,58.9,39003
39,4,188,69,36.7,119,63.3,39004
39,5,169,53,31.36,116,68.64,39005
39,6,239,101,42.26,138,57.74,39006
39,7,156,40,25.64,116,74.36,39007
39,8,227,65,28.63,162,71.37,39008
39,9,262,66,25.19,196,74.81,39009
39,10,186,43,23.12,143,76.88,39010
39,11,253,66,26.09,187,73.91,39011
39,12,208,35,16.83,173,83.17,39012
39,13,139,39,28.06,100,71.94,39013
39,14,213,42,19.72,171,80.28,39014
39,15,219,98,44.75,121,55.25,39015
39,16,157,36,22.93,121,77.07,39016
39,17,174,48,27.59,126,72.41,39017
39,18,245,64,26.12,181,73.88,39018
39,19,145,40,27.59,105,72.41,39019
39,20,213,89,41.78,124,58.22,39020
39,21,151,37,24.5,114,75.5,39021
39,22,196,25,12.76,171,87.24,39022
39,23,134,31,23.13,103,76.87,39023
39,24,205,32,15.61,173,84.39,39024
39,25,251,78,31.08,173,68.92,39025
39,26,233,112,48.07,121,51.93,39026
39,27,248,62,25.0,186,75.0,39027
39,28,266,65,24.44,201,75.56,39028
39,29,231,58,25.11,173,74.89,39029
39,30,132,21,15.91,111,84.09,39030
39,31,152,36,23.68,116,76.32,39031
39,32,159,53,33.33,106,66.67,39032
39,33,255,80,31.37,175,68.63,39033
39,34,268,76,28.36,192,71.64,39034
39,35,267,75,28.09,192,71.91,39035
39,36,171,56,32.75,115,67.25,39036
39,37,352,132,37.5,220,62.5,39037
39,38,266,109,40.98,157,59.02,39038
39,39,85,20,23.53,65,76.47,39039
39,40,151,69,45.7,82,54.3,39040
39,41,93,28,30.11,65,69.89,39041
39,42,187,84,44.92,103,55.08,39042
39,43,229,66,28.82,163,71.18,39043
39,44,312,66,21.15,246,78.85,39044
39,45,125,24,19.2,101,80.8,39045
39,46,177,53,29.94,124,70.06,39046
39,47,148,58,39.19,90,60.81,39047
40,1,135,30,22.22,105,77.78,40001
40,2,136,30,22.06,106,77.94,40002
40,3,236,32,13.56,204,86.44,40003
40,4,232,38,16.38,194,83.62,40004
40,5,226,52,23.01,174,76.99,40005
40,6,230,37,16.09,193,83.91,40006
40,7,249,36,14.46,213,85.54,40007
40,8,69,20,28.99,49,71.01,40008
40,9,193,39,20.21,154,79.79,40009
40,10,249,65,26.1,184,73.9,40010
40,11,177,32,18.08,145,81.92,40011
40,12,173,22,12.72,151,87.28,40012
40,13,274,36,13.14,238,86.86,40013
40,14,242,51,21.07,191,78.93,40014
40,15,209,47,22.49,162,77.51,40015
40,16,185,48,25.95,137,74.05,40016
40,17,104,31,29.81,73,70.19,40017
40,18,241,46,19.09,195,80.91,40018
40,19,197,52,26.4,145,73.6,40019
40,20,197,48,24.37,149,75.63,40020
40,21,211,44,20.85,167,79.15,40021
40,22,153,30,19.61,123,80.39,40022
40,23,322,50,15.53,272,84.47,40023
40,24,137,49,35.77,88,64.23,40024
40,25,160,49,30.63,111,69.38,40025
40,26,253,27,10.67,226,89.33,40026
40,27,175,21,12.0,154,88.0,40027
40,28,268,43,16.04,225,83.96,40028
40,29,244,71,29.1,173,70.9,40029
40,30,252,65,25.79,187,74.21,40030
40,31,176,53,30.11,123,69.89,40031
40,32,120,33,27.5,87,72.5,40032
40,33,228,39,17.11,189,82.89,40033
40,34,143,36,25.17,107,74.83,40034
40,35,235,66,28.09,169,71.91,40035
40,36,235,56,23.83,179,76.17,40036
40,37,160,30,18.75,130,81.25,40037
40,38,116,25,21.55,91,78.45,40038
40,39,162,35,21.6,127,78.4,40039
40,40,136,22,16.18,114,83.82,40040
40,41,281,41,14.59,240,85.41,40041
40,42,258,57,22.09,201,77.91,40042
40,43,248,46,18.55,202,81.45,40043
40,44,134,37,27.61,97,72.39,40044
40,45,341,94,27.57,247,72.43,40045
40,46,269,60,22.3,209,77.7,40046
40,47,228,32,14.04,196,85.96,40047
40,48,130,47,36.15,83,63.85,40048
40,49,154,44,28.57,110,71.43,40049
41,1,306,157,51.31,149,48.69,41001
41,2,334,157,47.01,177,52.99,41002
41,3,252,121,48.02,131,51.98,41003
41,4,307,145,47.23,162,52.77,41004
41,5,355,167,47.04,188,52.96,41005
41,6,282,110,39.01,172,60.99,41006
41,7,314,145,46.18,169,53.82,41007
41,8,275,147,53.45,128,46.55,41008
41,9,295,149,50.51,146,49.49,41009
41,10,289,140,48.44,149,51.56,41010
41,11,284,127,44.72,157,55.28,41011
41,12,285,125,43.86,160,56.14,41012
41,13,150,77,51.33,73,48.67,41013
41,14,327,119,36.39,208,63.61,41014
41,15,317,158,49.84,159,50.16,41015
41,16,280,132,47.14,148,52.86,41016
41,17,306,149,48.69,157,51.31,41017
41,18,224,108,48.21,116,51.79,41018
41,19,345,152,44.06,193,55.94,41019
41,20,316,164,51.9,152,48.1,41020
41,21,300,141,47.0,159,53.0,41021
41,22,257,134,52.14,123,47.86,41022
41,23,279,138,49.46,141,50.54,41023
41,24,283,153,54.06,130,45.94,41024
41,25,118,43,36.44,75,63.56,41025
41,26,132,70,53.03,62,46.97,41026
41,27,111,56,50.45,55,49.55,41027
41,28,266,105,39.47,161,60.53,41028
41,29,168,65,38.69,103,61.31,41029
41,30,317,139,43.85,178,56.15,41030
41,31,323,146,45.2,177,54.8,41031
41,32,183,111,60.66,72,39.34,41032
41,33,197,96,48.73,101,51.27,41033
41,34,220,121,55.0,99,45.0,41034
41,35,323,160,49.54,163,50.46,41035
41,36,319,143,44.83,176,55.17,41036
41,37,328,186,56.71,142,43.29,41037
41,38,301,156,51.83,145,48.17,41038
41,39,208,89,42.79,119,57.21,41039
41,40,340,174,51.18,166,48.82,41040
41,41,303,151,49.83,152,50.17,41041
41,42,357,185,51.82,172,48.18,41042
41,43,270,133,49.26,137,50.74,41043
41,44,326,151,46.32,175,53.68,41044
41,45,276,113,40.94,163,59.06,41045
41,46,209,104,49.76,105,50.24,41046
41,47,283,124,43.82,159,56.18,41047
41,48,141,56,39.72,85,60.28,41048
41,49,334,170,50.9,164,49.1,41049
41,50,309,126,40.78,183,59.22,41050
41,51,201,78,38.81,123,61.19,41051
41,52,336,162,48.21,174,51.79,41052
41,53,274,129,47.08,145,52.92,41053
41,54,227,83,36.56,144,63.44,41054
41,55,267,144,53.93,123,46.07,41055
41,56,373,167,44.77,206,55.23,41056
41,57,273,135,49.45,138,50.55,41057
42,1,367,144,39.24,223,60.76,42001
42,2,179,50,27.93,129,72.07,42002
42,3,255,85,33.33,170,66.67,42003
42,4,260,112,43.08,148,56.92,42004
42,5,212,66,31.13,146,68.87,42005
42,6,407,153,37.59,254,62.41,42006
42,7,229,91,39.74,138,60.26,42007
42,8,325,124,38.15,201,61.85,42008
42,9,700,250,35.71,450,64.29,42009
42,10,200,72,36.0,128,64.0,42010
42,11,282,135,47.87,147,52.13,42011
42,12,208,88,42.31,120,57.69,42012
42,13,400,158,39.5,242,60.5,42013
42,14,307,130,42.35,177,57.65,42014
42,15,275,97,35.27,178,64.73,42015
42,16,195,83,42.56,112,57.44,42016
42,17,470,152,32.34,318,67.66,42017
42,18,624,245,39.26,379,60.74,42018
42,19,141,70,49.65,71,50.35,42019
42,20,171,64,37.43,107,62.57,42020
42,21,247,100,40.49,147,59.51,42021
42,22,256,131,51.17,125,48.83,42022
42,23,321,120,37.38,201,62.62,42023
42,24,301,126,41.86,175,58.14,42024
42,25,226,77,34.07,149,65.93,42025
42,26,243,76,31.28,167,68.72,42026
42,27,284,99,34.86,185,65.14,42027
42,28,260,92,35.38,168,64.62,42028
42,29,296,136,45.95,160,54.05,42029
42,30,183,75,40.98,108,59.02,42030
42,31,293,135,46.08,158,53.92,42031
42,32,273,106,38.83,167,61.17,42032
42,33,317,107,33.75,210,66.25,42033
42,34,238,66,27.73,172,72.27,42034
42,35,202,84,41.58,118,58.42,42035
42,36,207,80,38.65,127,61.35,42036
42,37,249,108,43.37,141,56.63,42037
42,38,208,80,38.46,128,61.54,42038
42,39,130,63,48.46,67,51.54,42039
42,40,280,120,42.86,160,57.14,42040
42,41,455,193,42.42,262,57.58,42041
42,42,174,67,38.51,107,61.49,42042
42,43,255,102,40.0,153,60.0,42043
42,44,250,80,32.0,170,68.0,42044
42,45,273,89,32.6,184,67.4,42045
42,46,268,127,47.39,141,52.61,42046
42,47,149,51,34.23,98,65.77,42047
42,48,247,125,50.61,122,49.39,42048
42,49,78,49,62.82,29,37.18,42049
42,50,446,200,44.84,246,55.16,42050
42,51,545,220,40.37,325,59.63,42051
42,52,145,61,42.07,84,57.93,42052
42,53,355,130,36.62,225,63.38,42053
42,54,221,85,38.46,136,61.54,42054
42,55,362,160,44.2,202,55.8,42055
42,56,465,219,47.1,246,52.9,42056
42,57,239,85,35.56,154,64.44,42057
42,58,217,116,53.46,101,46.54,42058
42,59,438,183,41.78,255,58.22,42059
42,60,140,54,38.57,86,61.43,42060
42,61,228,109,47.81,119,52.19,42061
42,62,172,69,40.12,103,59.88,42062
42,63,225,80,35.56,145,64.44,42063
42,64,78,19,24.36,59,75.64,42064
42,65,366,151,41.26,215,58.74,42065
42,66,257,113,43.97,144,56.03,42066
42,67,592,260,43.92,332,56.08,42067
42,68,367,173,47.14,194,52.86,42068
42,69,218,70,32.11,148,67.89,42069
43,1,345,96,27.83,249,72.17,43001
43,2,302,144,47.68,158,52.32,43002
43,3,296,104,35.14,192,64.86,43003
43,4,361,150,41.55,211,58.45,43004
43,5,288,102,35.42,186,64.58,43005
43,6,175,68,38.86,107,61.14,43006
43,7,275,95,34.55,180,65.45,43007
43,8,329,105,31.91,224,68.09,43008
43,9,267,110,41.2,157,58.8,43009
43,10,280,113,40.36,167,59.64,43010
43,11,223,84,37.67,139,62.33,43011
43,12,305,129,42.3,176,57.7,43012
43,13,157,60,38.22,97,61.78,43013
43,14,199,50,25.13,149,74.87,43014
43,15,242,82,33.88,160,66.12,43015
43,16,249,106,42.57,143,57.43,43016
43,17,334,140,41.92,194,58.08,43017
43,18,300,117,39.0,183,61.0,43018
43,19,226,96,42.48,130,57.52,43019
43,20,257,82,31.91,175,68.09,43020
43,21,273,101,37.0,172,63.0,43021
43,22,246,108,43.9,138,56.1,43022
43,23,218,74,33.94,144,66.06,43023
43,24,271,103,38.01,168,61.99,43024
43,25,258,78,30.23,180,69.77,43025
43,26,229,85,37.12,144,62.88,43026
43,27,203,77,37.93,126,62.07,43027
43,28,367,151,41.14,216,58.86,43028
43,29,236,101,42.8,135,57.2,43029
43,30,205,85,41.46,120,58.54,43030
43,31,328,127,38.72,201,61.28,43031
43,32,263,89,33.84,174,66.16,43032
43,33,180,67,37.22,113,62.78,43033
43,34,121,48,39.67,73,60.33,43034
43,35,326,138,42.33,188,57.67,43035
43,36,222,83,37.39,139,62.61,43036
43,37,262,106,40.46,156,59.54,43037
43,38,204,59,28.92,145,71.08,43038
43,39,199,88,44.22,111,55.78,43039
43,40,121,49,40.5,72,59.5,43040
43,41,163,55,33.74,108,66.26,43041
43,42,225,92,40.89,133,59.11,43042
43,43,238,94,39.5,144,60.5,43043
43,44,263,100,38.02,163,61.98,43044
43,45,104,44,42.31,60,57.69,43045
43,46,315,147,46.67,168,53.33,43046
43,47,255,101,39.61,154,60.39,43047
43,48,248,69,27.82,179,72.18,43048
43,49,251,98,39.04,153,60.96,43049
43,50,221,92,41.63,129,58.37,43050
43,51,266,73,27.44,193,72.56,43051
43,52,263,123,46.77,140,53.23,43052
43,53,255,90,35.29,165,64.71,43053
43,54,221,68,30.77,153,69.23,43054
43,55,308,63,20.45,245,79.55,43055
43,56,196,80,40.82,116,59.18,43056
43,57,195,74,37.95,121,62.05,43057
43,58,187,54,28.88,133,71.12,43058
43,59,230,62,26.96,168,73.04,43059
44,1,230,63,27.39,167,72.61,44001
44,2,203,61,30.05,142,69.95,44002
44,3,266,59,22.18,207,77.82,44003
44,4,239,59,24.69,180,75.31,44004
44,5,286,72,25.17,214,74.83,44005
44,6,287,86,29.97,201,70.03,44006
44,7,261,93,35.63,168,64.37,44007
44,8,116,32,27.59,84,72.41,44008
44,9,225,84,37.33,141,62.67,44009
44,10,214,78,36.45,136,63.55,44010
44,11,264,85,32.2,179,67.8,44011
44,12,220,55,25.0,165,75.0,44012
44,13,180,53,29.44,127,70.56,44013
44,14,233,65,27.9,168,72.1,44014
44,15,340,88,25.88,252,74.12,44015
44,16,270,80,29.63,190,70.37,44016
44,17,309,64,20.71,245,79.29,44017
44,18,209,73,34.93,136,65.07,44018
44,19,154,34,22.08,120,77.92,44019
44,20,269,89,33.09,180,66.91,44020
44,21,336,84,25.0,252,75.0,44021
44,22,302,88,29.14,214,70.86,44022
44,23,246,71,28.86,175,71.14,44023
44,24,199,49,24.62,150,75.38,44024
44,25,288,94,32.64,194,67.36,44025
44,26,256,57,22.27,199,77.73,44026
44,27,315,107,33.97,208,66.03,44027
44,28,174,62,35.63,112,64.37,44028
44,29,334,109,32.63,225,67.37,44029
44,30,254,50,19.69,204,80.31,44030
44,31,312,122,39.1,190,60.9,44031
44,32,217,48,22.12,169,77.88,44032
44,33,331,47,14.2,284,85.8,44033
44,34,177,46,25.99,131,74.01,44034
44,35,191,57,29.84,134,70.16,44035
44,36,283,93,32.86,190,67.14,44036
44,37,362,81,22.38,281,77.62,44037
44,38,274,117,42.7,157,57.3,44038
44,39,301,139,46.18,162,53.82,44039
44,40,280,107,38.21,173,61.79,44040
44,41,276,72,26.09,204,73.91,44041
44,42,346,83,23.99,263,76.01,44042
44,43,323,110,34.06,213,65.94,44043
44,44,320,75,23.44,245,76.56,44044
44,45,328,104,31.71,224,68.29,44045
44,46,207,48,23.19,159,76.81,44046
44,47,384,150,39.06,234,60.94,44047
44,48,212,61,28.77,151,71.23,44048
44,49,392,122,31.12,270,68.88,44049
44,50,284,125,44.01,159,55.99,44050
44,51,209,83,39.71,126,60.29,44051
45,1,168,46,27.38,122,72.62,45001
45,2,287,125,43.55,162,56.45,45002
45,3,233,73,31.33,160,68.67,45003
45,4,325,150,46.15,175,53.85,45004
45,5,311,148,47.59,163,52.41,45005
45,6,234,87,37.18,147,62.82,45006
45,7,249,92,36.95,157,63.05,45007
45,8,190,70,36.84,120,63.16,45008
45,9,237,99,41.77,138,58.23,45009
45,10,286,102,35.66,184,64.34,45010
45,11,229,91,39.74,138,60.26,45011
45,12,287,96,33.45,191,66.55,45012
45,13,258,102,39.53,156,60.47,45013
45,14,293,89,30.38,204,69.62,45014
45,15,232,95,40.95,137,59.05,45015
45,16,236,66,27.97,170,72.03,45016
45,17,201,78,38.81,123,61.19,45017
45,18,233,60,25.75,173,74.25,45018
45,19,258,111,43.02,147,56.98,45019
45,20,215,94,43.72,121,56.28,45020
45,21,215,105,48.84,110,51.16,45021
45,22,199,91,45.73,108,54.27,45022
45,23,251,101,40.24,150,59.76,45023
45,24,317,141,44.48,176,55.52,45024
45,25,219,62,28.31,157,71.69,45025
45,26,243,82,33.74,161,66.26,45026
45,27,191,65,34.03,126,65.97,45027
45,28,193,43,22.28,150,77.72,45028
45,29,235,91,38.72,144,61.28,45029
45,30,234,94,40.17,140,59.83,45030
45,31,241,72,29.88,169,70.12,45031
45,32,166,60,36.14,106,63.86,45032
45,33,214,95,44.39,119,55.61,45033
45,34,174,67,38.51,107,61.49,45034
45,35,240,81,33.75,159,66.25,45035
45,36,257,113,43.97,144,56.03,45036
45,37,230,71,30.87,159,69.13,45037
45,38,266,85,31.95,181,68.05,45038
45,39,265,87,32.83,178,67.17,45039
45,40,260,72,27.69,188,72.31,45040
45,41,169,51,30.18,118,69.82,45041
45,42,220,77,35.0,143,65.0,45042
45,43,175,52,29.71,123,70.29,45043
45,44,239,106,44.35,133,55.65,45044
45,45,181,68,37.57,113,62.43,45045
45,46,254,86,33.86,168,66.14,45046
45,47,235,84,35.74,151,64.26,45047
45,48,231,77,33.33,154,66.67,45048
45,49,199,66,33.17,133,66.83,45049
45,50,213,74,34.74,139,65.26,45050
45,51,243,104,42.8,139,57.2,45051
45,52,249,96,38.55,153,61.45,45052
45,53,180,80,44.44,100,55.56,45053
46,1,417,92,22.06,325,77.94,46001
46,2,288,42,14.58,246,85.42,46002
46,3,276,51,18.48,225,81.52,46003
46,4,221,36,16.29,185,83.71,46004
46,5,185,42,22.7,143,77.3,46005
46,6,294,51,17.35,243,82.65,46006
46,7,207,36,17.39,171,82.61,46007
46,8,257,52,20.23,205,79.77,46008
46,9,238,47,19.75,191,80.25,46009
46,10,235,56,23.83,179,76.17,46010
46,11,274,64,23.36,210,76.64,46011
46,12,297,53,17.85,244,82.15,46012
46,13,283,86,30.39,197,69.61,46013
46,14,240,24,10.0,216,90.0,46014
46,15,316,84,26.58,232,73.42,46015
46,16,246,58,23.58,188,76.42,46016
46,17,355,74,20.85,281,79.15,46017
46,18,261,57,21.84,204,78.16,46018
46,19,316,41,12.97,275,87.03,46019
46,20,173,33,19.08,140,80.92,46020
46,21,126,20,15.87,106,84.13,46021
46,22,188,43,22.87,145,77.13,46022
46,23,192,26,13.54,166,86.46,46023
46,24,251,62,24.7,189,75.3,46024
46,25,338,97,28.7,241,71.3,46025
46,26,264,38,14.39,226,85.61,46026
46,27,293,90,30.72,203,69.28,46027
46,28,334,110,32.93,224,67.07,46028
46,29,237,57,24.05,180,75.95,46029
46,30,297,101,34.01,196,65.99,46030
46,31,312,83,26.6,229,73.4,46031
46,32,185,33,17.84,152,82.16,46032
46,33,293,70,23.89,223,76.11,46033
46,34,256,38,14.84,218,85.16,46034
46,35,328,78,23.78,250,76.22,46035
46,36,263,70,26.62,193,73.38,46036
46,37,213,44,20.66,169,79.34,46037
46,38,201,46,22.89,155,77.11,46038
46,39,310,100,32.26,210,67.74,46039
46,40,167,44,26.35,123,73.65,46040
46,41,221,58,26.24,163,73.76,46041
46,42,267,39,14.61,228,85.39,46042
46,43,336,64,19.05,272,80.95,46043
46,44,220,45,20.45,175,79.55,46044
46,45,311,65,20.9,246,79.1,46045
46,46,229,40,17.47,189,82.53,46046
46,47,118,18,15.25,100,84.75,46047
47,1,333,69,20.72,264,79.28,47001
47,2,208,58,27.88,150,72.12,47002
47,3,215,61,28.37,154,71.63,47003
47,4,278,86,30.94,192,69.06,47004
47,5,336,84,25.0,252,75.0,47005
47,6,308,85,27.6,223,72.4,47006
47,7,256,76,29.69,180,70.31,47007
47,8,337,88,26.11,249,73.89,47008
47,9,223,70,31.39,153,68.61,47009
47,10,208,35,16.83,173,83.17,47010
47,11,481,73,15.18,408,84.82,47011
47,12,279,64,22.94,215,77.06,47012
47,13,399,80,20.05,319,79.95,47013
47,14,204,43,21.08,161,78.92,47014
47,15,323,46,14.24,277,85.76,47015
47,16,282,62,21.99,220,78.01,47016
47,17,271,75,27.68,196,72.32,47017
47,18,319,94,29.47,225,70.53,47018
47,19,315,48,15.24,267,84.76,47019
47,20,348,72,20.69,276,79.31,47020
47,21,315,65,20.63,250,79.37,47021
47,22,254,63,24.8,191,75.2,47022
47,23,150,30,20.0,120,80.0,47023
47,24,323,90,27.86,233,72.14,47024
47,25,350,96,27.43,254,72.57,47025
47,26,474,76,16.03,398,83.97,47026
47,27,261,66,25.29,195,74.71,47027
47,28,352,84,23.86,268,76.14,47028
47,29,331,109,32.93,222,67.07,47029
47,30,306,51,16.67,255,83.33,47030
47,31,338,46,13.61,292,86.39,47031
47,32,342,63,18.42,279,81.58,47032
47,33,272,39,14.34,233,85.66,47033
47,34,370,67,18.11,303,81.89,47034
47,35,396,103,26.01,293,73.99,47035
47,36,435,72,16.55,363,83.45,47036
47,37,362,90,24.86,272,75.14,47037
47,38,324,75,23.15,249,76.85,47038
47,39,302,66,21.85,236,78.15,47039
47,40,291,60,20.62,231,79.38,47040
47,41,483,90,18.63,393,81.37,47041
47,42,235,49,20.85,186,79.15,47042
47,43,194,64,32.99,130,67.01,47043
47,44,233,73,31.33,160,68.67,47044
47,45,307,60,19.54,247,80.46,47045
47,46,236,65,27.54,171,72.46,47046
47,47,238,75,31.51,163,68.49,47047
47,48,47,14,29.79,33,70.21,47048
47,49,190,45,23.68,145,76.32,47049
47,50,280,84,30.0,196,70.0,47050
47,51,158,43,27.22,115,72.78,47051
47,52,158,38,24.05,120,75.95,47052
48,1,288,51,17.71,237,82.29,48001
48,2,209,54,25.84,155,74.16,48002
48,3,354,46,12.99,308,87.01,48003
48,4,347,90,25.94,257,74.06,48004
48,5,228,58,25.44,170,74.56,48005
48,6,326,69,21.17,257,78.83,48006
48,7,238,35,14.71,203,85.29,48007
48,8,186,54,29.03,132,70.97,48008
48,9,275,75,27.27,200,72.73,48009
48,10,194,26,13.4,168,86.6,48010
48,11,272,38,13.97,234,86.03,48011
48,12,271,56,20.66,215,79.34,48012
48,13,239,57,23.85,182,76.15,48013
48,14,279,87,31.18,192,68.82,48014
48,15,160,36,22.5,124,77.5,48015
48,16,214,41,19.16,173,80.84,48016
48,17,318,66,20.75,252,79.25,48017
48,18,170,19,11.18,151,88.82,48018
48,19,219,32,14.61,187,85.39,48019
48,20,163,41,25.15,122,74.85,48020
48,21,250,45,18.0,205,82.0,48021
48,22,315,75,23.81,240,76.19,48022
48,23,220,45,20.45,175,79.55,48023
48,24,149,13,8.72,136,91.28,48024
48,25,266,34,12.78,232,87.22,48025
48,26,288,70,24.31,218,75.69,48026
48,27,174,38,21.84,136,78.16,48027
48,28,220,44,20.0,176,80.0,48028
48,29,183,37,20.22,146,79.78,48029
48,30,263,48,18.25,215,81.75,48030
48,31,221,32,14.48,189,85.52,48031
48,32,218,24,11.01,194,88.99,48032
48,33,217,41,18.89,176,81.11,48033
48,34,272,44,16.18,228,83.82,48034
48,35,114,24,21.05,90,78.95,48035
48,36,225,50,22.22,175,77.78,48036
48,37,234,45,19.23,189,80.77,48037
48,38,296,58,19.59,238,80.41,48038
48,39,218,46,21.1,172,78.9,48039
48,40,181,23,12.71,158,87.29,48040
48,41,153,33,21.57,120,78.43,48041
48,42,243,26,10.7,217,89.3,48042
48,43,328,36,10.98,292,89.02,48043
48,44,341,46,13.49,295,86.51,48044
48,45,209,38,18.18,171,81.82,48045
48,46,161,27,16.77,134,83.23,48046
48,47,206,28,13.59,178,86.41,48047
48,48,271,52,19.19,219,80.81,48048
48,49,118,17,14.41,101,85.59,48049
48,50,277,51,18.41,226,81.59,48050
48,51,353,63,17.85,290,82.15,48051
48,52,194,30,15.46,164,84.54,48052
48,53,148,28,18.92,120,81.08,48053
48,54,205,26,12.68,179,87.32,48054
49,1,235,17,7.23,218,92.77,49001
49,2,333,69,20.72,264,79.28,49002
49,3,161,27,16.77,134,83.23,49003
49,4,125,25,20.0,100,80.0,49004
49,5,240,23,9.58,217,90.42,49005
49,6,268,39,14.55,229,85.45,49006
49,7,190,29,15.26,161,84.74,49007
49,8,247,46,18.62,201,81.38,49008
49,9,200,33,16.5,167,83.5,49009
49,10,209,40,19.14,169,80.86,49010
49,11,152,22,14.47,130,85.53,49011
49,12,261,27,10.34,234,89.66,49012
49,13,286,42,14.69,244,85.31,49013
49,14,253,49,19.37,204,80.63,49014
49,15,204,32,15.69,172,84.31,49015
49,16,191,35,18.32,156,81.68,49016
49,17,83,12,14.46,71,85.54,49017
49,18,176,23,13.07,153,86.93,49018
49,19,168,29,17.26,139,82.74,49019
49,20,285,45,15.79,240,84.21,49020
49,21,79,16,20.25,63,79.75,49021
49,22,217,34,15.67,183,84.33,49022
49,23,184,26,14.13,158,85.87,49023
49,24,248,41,16.53,207,83.47,49024
49,25,264,35,13.26,229,86.74,49025
49,26,250,67,26.8,183,73.2,49026
49,27,346,31,8.96,315,91.04,49027
49,28,182,25,13.74,157,86.26,49028
49,29,288,46,15.97,242,84.03,49029
49,30,258,40,15.5,218,84.5,49030
49,31,233,36,15.45,197,84.55,49031
49,32,165,19,11.52,146,88.48,49032
49,33,182,23,12.64,159,87.36,49033
49,34,244,29,11.89,215,88.11,49034
49,35,277,52,18.77,225,81.23,49035
49,36,346,48,13.87,298,86.13,49036
49,37,375,58,15.47,317,84.53,49037
49,38,218,23,10.55,195,89.45,49038
49,39,203,30,14.78,173,85.22,49039
49,40,227,36,15.86,191,84.14,49040
49,41,241,42,17.43,199,82.57,49041
49,42,244,24,9.84,220,90.16,49042
50,1,250,92,36.8,158,63.2,50001
50,2,285,76,26.67,209,73.33,50002
50,3,218,67,30.73,151,69.27,50003
50,4,222,49,22.07,173,77.93,50004
50,5,273,105,38.46,168,61.54,50005
50,6,167,38,22.75,129,77.25,50006
50,7,277,49,17.69,228,82.31,50007
50,8,158,41,25.95,117,74.05,50008
50,9,188,44,23.4,144,76.6,50009
50,10,173,59,34.1,114,65.9,50010
50,11,217,112,51.61,105,48.39,50011
50,12,146,60,41.1,86,58.9,50012
50,13,270,57,21.11,213,78.89,50013
50,14,105,37,35.24,68,64.76,50014
50,15,271,68,25.09,203,74.91,50015
50,16,108,39,36.11,69,63.89,50016
50,17,193,60,31.09,133,68.91,50017
50,18,180,49,27.22,131,72.78,50018
50,19,200,50,25.0,150,75.0,50019
50,20,220,58,26.36,162,73.64,50020
50,21,235,54,22.98,181,77.02,50021
50,22,245,48,19.59,197,80.41,50022
50,23,183,68,37.16,115,62.84,50023
50,24,239,55,23.01,184,76.99,50024
50,25,223,84,37.67,139,62.33,50025
50,26,172,44,25.58,128,74.42,50026
50,27,103,32,31.07,71,68.93,50027
50,28,223,58,26.01,165,73.99,50028
50,29,255,58,22.75,197,77.25,50029
50,30,173,74,42.77,99,57.23,50030
50,31,64,25,39.06,39,60.94,50031
50,32,259,35,13.51,224,86.49,50032
50,33,164,59,35.98,105,64.02,50033
50,34,206,39,18.93,167,81.07,50034
50,35,309,56,18.12,253,81.88,50035
50,36,251,67,26.69,184,73.31,50036
50,37,281,59,21.0,222,79.0,50037
50,38,147,42,28.57,105,71.43,50038
50,39,179,50,27.93,129,72.07,50039
50,40,225,100,44.44,125,55.56,50040
50,41,286,116,40.56,170,59.44,50041
50,42,224,52,23.21,172,76.79,50042
50,43,216,42,19.44,174,80.56,50043
50,44,186,72,38.71,114,61.29,50044
50,45,111,63,56.76,48,43.24,50045
